#Camera Parameters: K   R   T ------  X_world = R X_camera + T
#K (intrinsic matrix): the first 3*3 matrix 
#R (rotational matrix): the second 3*3 matrix 
#T (translation vector): the final line 

270

873.6898510	0.0000000	307.5000000	
0.0000000	873.6898510	239.5000000	
0.0000000	0.0000000	1.0000000	
1.0000000000	0.0000000000	0.0000000000	
0.0000000000	1.0000000000	-0.0000000000	
0.0000000000	-0.0000000000	1.0000000000	
0.0000000000	0.0000000000	0.0000000000	


873.6898510	0.0000000	307.5000000	
0.0000000	873.6898510	239.5000000	
0.0000000	0.0000000	1.0000000	
0.9999999954	0.0000571690	0.0000767916	
-0.0000571738	0.9999999964	0.0000620719	
-0.0000767881	-0.0000620763	0.9999999951	
-0.0133879263	-0.0111104174	-0.0063020245	


873.6898510	0.0000000	307.5000000	
0.0000000	873.6898510	239.5000000	
0.0000000	0.0000000	1.0000000	
0.9999999954	0.0000571690	0.0000767916	
-0.0000571738	0.9999999964	0.0000620719	
-0.0000767881	-0.0000620763	0.9999999951	
-0.0133879263	-0.0111104174	-0.0063020245	


873.6898510	0.0000000	307.5000000	
0.0000000	873.6898510	239.5000000	
0.0000000	0.0000000	1.0000000	
0.9999999954	0.0000571690	0.0000767916	
-0.0000571738	0.9999999964	0.0000620719	
-0.0000767881	-0.0000620763	0.9999999951	
-0.0133879263	-0.0111104174	-0.0063020245	


873.6898510	0.0000000	307.5000000	
0.0000000	873.6898510	239.5000000	
0.0000000	0.0000000	1.0000000	
0.9999796176	-0.0046805359	-0.0043424632	
0.0046898860	0.9999867008	0.0021454913	
0.0043323634	-0.0021658133	0.9999882699	
0.0192121841	-0.0638363558	0.4521034571	


873.6898510	0.0000000	307.5000000	
0.0000000	873.6898510	239.5000000	
0.0000000	0.0000000	1.0000000	
0.9999680676	-0.0071540375	-0.0035613854	
0.0071642081	0.9999702718	0.0028512662	
0.0035408815	-0.0028766896	0.9999895934	
0.0365369541	-0.0866250719	0.7099417797	


873.6898510	0.0000000	307.5000000	
0.0000000	873.6898510	239.5000000	
0.0000000	0.0000000	1.0000000	
0.9999562800	-0.0090678581	-0.0022829831	
0.0090782242	0.9999483403	0.0045719361	
0.0022414075	-0.0045924616	0.9999869426	
0.0617331665	-0.0855857197	1.0218562098	


873.6898510	0.0000000	307.5000000	
0.0000000	873.6898510	239.5000000	
0.0000000	0.0000000	1.0000000	
0.9999332606	-0.0114297549	-0.0016837822	
0.0114405573	0.9999130882	0.0065520832	
0.0016087472	-0.0065709093	0.9999771173	
0.0960990941	-0.0863224528	1.3234756801	


873.6898510	0.0000000	307.5000000	
0.0000000	873.6898510	239.5000000	
0.0000000	0.0000000	1.0000000	
0.9998998378	-0.0138650504	-0.0028416146	
0.0138872638	0.9998719425	0.0079525106	
0.0027309887	-0.0079911763	0.9999643408	
0.1165363459	-0.0961327395	1.6528574480	


873.6898510	0.0000000	307.5000000	
0.0000000	873.6898510	239.5000000	
0.0000000	0.0000000	1.0000000	
0.9998712610	-0.0154759939	-0.0042373457	
0.0155150740	0.9998359100	0.0093506927	
0.0040919391	-0.0094152317	0.9999473033	
0.1496348807	-0.0923636510	2.0628398311	


873.6898510	0.0000000	307.5000000	
0.0000000	873.6898510	239.5000000	
0.0000000	0.0000000	1.0000000	
0.9998643403	-0.0159130484	-0.0042515858	
0.0159552683	0.9998218128	0.0100882134	
0.0040902940	-0.0101546800	0.9999400742	
0.1713075024	-0.0970228423	2.4223753541	


873.6898510	0.0000000	307.5000000	
0.0000000	873.6898510	239.5000000	
0.0000000	0.0000000	1.0000000	
0.9998757830	-0.0152357875	-0.0040360014	
0.0152746283	0.9998355617	0.0097742124	
0.0038864199	-0.0098346467	0.9999440862	
0.1949297336	-0.1027855139	2.8469537838	


873.6898510	0.0000000	307.5000000	
0.0000000	873.6898510	239.5000000	
0.0000000	0.0000000	1.0000000	
0.9998823222	-0.0145562171	-0.0048433806	
0.0145995165	0.9998526637	0.0090280102	
0.0047112533	-0.0090976588	0.9999475170	
0.2200261304	-0.1062183957	3.3085589835	


873.6898510	0.0000000	307.5000000	
0.0000000	873.6898510	239.5000000	
0.0000000	0.0000000	1.0000000	
0.9999153895	-0.0129527922	-0.0011996196	
0.0129600795	0.9998962910	0.0062804160	
0.0011181462	-0.0062954318	0.9999795584	
0.2434825049	-0.1205613724	3.7659738544	


873.6898510	0.0000000	307.5000000	
0.0000000	873.6898510	239.5000000	
0.0000000	0.0000000	1.0000000	
0.9999313235	-0.0086355831	0.0079230617	
0.0086307887	0.9999625498	0.0006391096	
-0.0079282841	-0.0005706835	0.9999684078	
0.2528048359	-0.1466484084	4.2569747812	


873.6898510	0.0000000	307.5000000	
0.0000000	873.6898510	239.5000000	
0.0000000	0.0000000	1.0000000	
0.9999061068	-0.0044217536	0.0129701866	
0.0045032183	0.9999702759	-0.0062584570	
-0.0129421277	0.0063162770	0.9998962976	
0.2551653311	-0.1803741452	4.7735768962	


873.6898510	0.0000000	307.5000000	
0.0000000	873.6898510	239.5000000	
0.0000000	0.0000000	1.0000000	
0.9999018623	0.0006040046	0.0139964612	
-0.0004046970	0.9998985482	-0.0142383149	
-0.0140036413	0.0142312532	0.9998006649	
0.2541146159	-0.2280448713	5.2778507414	


873.6898510	0.0000000	307.5000000	
0.0000000	873.6898510	239.5000000	
0.0000000	0.0000000	1.0000000	
0.9998937917	0.0033553674	0.0141826273	
-0.0030602532	0.9997794122	-0.0207788775	
-0.0142492195	0.0207332682	0.9996834956	
0.2495611891	-0.2629461439	5.8157877833	


873.6898510	0.0000000	307.5000000	
0.0000000	873.6898510	239.5000000	
0.0000000	0.0000000	1.0000000	
0.9999088341	0.0054603677	0.0123494111	
-0.0052165418	0.9997925106	-0.0196906962	
-0.0124543671	0.0196244798	0.9997298478	
0.2393776463	-0.2924232214	6.4037455621	


873.6898510	0.0000000	307.5000000	
0.0000000	873.6898510	239.5000000	
0.0000000	0.0000000	1.0000000	
0.9999688905	0.0065763762	0.0043553660	
-0.0065028496	0.9998396298	-0.0166861480	
-0.0044644020	0.0166573066	0.9998512906	
0.2376569480	-0.3305209227	6.9899726199	


873.6898510	0.0000000	307.5000000	
0.0000000	873.6898510	239.5000000	
0.0000000	0.0000000	1.0000000	
0.9999525878	0.0094688666	-0.0022721590	
-0.0095020702	0.9998411879	-0.0150767937	
0.0021290380	0.0150976691	0.9998837570	
0.2097736558	-0.3720976353	7.5566135563	


873.6898510	0.0000000	307.5000000	
0.0000000	873.6898510	239.5000000	
0.0000000	0.0000000	1.0000000	
0.9999001784	0.0114166277	-0.0083242971	
-0.0115007053	0.9998826190	-0.0101233367	
0.0082077456	0.0102180615	0.9999141084	
0.1828543174	-0.4026695052	8.1667058516	


873.6898510	0.0000000	307.5000000	
0.0000000	873.6898510	239.5000000	
0.0000000	0.0000000	1.0000000	
0.9998363221	0.0124894686	-0.0130897742	
-0.0125033280	0.9999213526	-0.0009774931	
0.0130765364	0.0011409989	0.9999138474	
0.1395848870	-0.4284637906	8.7364464689	


873.6898510	0.0000000	307.5000000	
0.0000000	873.6898510	239.5000000	
0.0000000	0.0000000	1.0000000	
0.9997826095	0.0134255645	-0.0159526762	
-0.0133198207	0.9998887296	0.0067164622	
0.0160410734	-0.0065025153	0.9998501894	
0.0857400299	-0.4530104402	9.2898536305	


873.6898510	0.0000000	307.5000000	
0.0000000	873.6898510	239.5000000	
0.0000000	0.0000000	1.0000000	
0.9997413158	0.0140907549	-0.0178536303	
-0.0138706457	0.9998269947	0.0123929725	
0.0180251678	-0.0121421252	0.9997638032	
0.0115909023	-0.4708693246	9.9139710743	


873.6898510	0.0000000	307.5000000	
0.0000000	873.6898510	239.5000000	
0.0000000	0.0000000	1.0000000	
0.9997529438	0.0129218472	-0.0180852782	
-0.0126296033	0.9997893087	0.0161812049	
0.0182905589	-0.0159487973	0.9997055023	
-0.0630647968	-0.4992033803	10.4639793227	


873.6898510	0.0000000	307.5000000	
0.0000000	873.6898510	239.5000000	
0.0000000	0.0000000	1.0000000	
0.9998135749	0.0120853596	-0.0150585364	
-0.0117861913	0.9997344906	0.0197998498	
0.0152938265	-0.0196186758	0.9996905553	
-0.1610241464	-0.5180011030	11.0975548789	


873.6898510	0.0000000	307.5000000	
0.0000000	873.6898510	239.5000000	
0.0000000	0.0000000	1.0000000	
0.9998747478	0.0114565579	-0.0109195194	
-0.0112032650	0.9996731068	0.0229818720	
0.0111792430	-0.0228566592	0.9996762464	
-0.2680827148	-0.5303326629	11.7198080816	


873.6898510	0.0000000	307.5000000	
0.0000000	873.6898510	239.5000000	
0.0000000	0.0000000	1.0000000	
0.9999055634	0.0111925738	-0.0079743651	
-0.0109912904	0.9996306889	0.0248531168	
0.0082495904	-0.0247631212	0.9996593080	
-0.3564583316	-0.5403621926	12.3733159605	


873.6898510	0.0000000	307.5000000	
0.0000000	873.6898510	239.5000000	
0.0000000	0.0000000	1.0000000	
0.9998940400	0.0122141185	-0.0079198526	
-0.0120006746	0.9995778375	0.0264599822	
0.0082396945	-0.0263621349	0.9996184999	
-0.4751524308	-0.5520748526	13.0250213361	


873.6898510	0.0000000	307.5000000	
0.0000000	873.6898510	239.5000000	
0.0000000	0.0000000	1.0000000	
0.9998726322	0.0138673245	-0.0079004217	
-0.0136518305	0.9995500901	0.0267066467	
0.0082672169	-0.0265953899	0.9996120939	
-0.5848975436	-0.5828242854	13.6628777178	


873.6898510	0.0000000	307.5000000	
0.0000000	873.6898510	239.5000000	
0.0000000	0.0000000	1.0000000	
0.9998566106	0.0157685330	-0.0061734666	
-0.0156183818	0.9995980965	0.0236582259	
0.0065440410	-0.0235584140	0.9997010436	
-0.7184156887	-0.6072667853	14.3097266147	


873.6898510	0.0000000	307.5000000	
0.0000000	873.6898510	239.5000000	
0.0000000	0.0000000	1.0000000	
0.9998481581	0.0164403189	-0.0057772509	
-0.0163264453	0.9996816994	0.0192340055	
0.0060916252	-0.0191367630	0.9997983179	
-0.8636878171	-0.6324594578	14.9808889612	


873.6898510	0.0000000	307.5000000	
0.0000000	873.6898510	239.5000000	
0.0000000	0.0000000	1.0000000	
0.9998173596	0.0189572485	-0.0024228315	
-0.0189213032	0.9997217551	0.0140853326	
0.0026891766	-0.0140369169	0.9998978614	
-1.0405731464	-0.6560251353	15.6902373607	


873.6898510	0.0000000	307.5000000	
0.0000000	873.6898510	239.5000000	
0.0000000	0.0000000	1.0000000	
0.9997962579	0.0201514513	-0.0011669386	
-0.0201451647	0.9997837018	0.0051693354	
0.0012708558	-0.0051447740	0.9999859580	
-1.2120498069	-0.6901648080	16.3726652451	


873.6898510	0.0000000	307.5000000	
0.0000000	873.6898510	239.5000000	
0.0000000	0.0000000	1.0000000	
0.9998295057	0.0184183523	0.0013129141	
-0.0184075357	0.9997999634	-0.0078227705	
-0.0014567340	0.0077972693	0.9999685398	
-1.3806731639	-0.7206617955	17.0951076271	


873.6898510	0.0000000	307.5000000	
0.0000000	873.6898510	239.5000000	
0.0000000	0.0000000	1.0000000	
0.9998294574	0.0145875836	0.0113251294	
-0.0143984873	0.9997584864	-0.0166027854	
-0.0115645887	0.0164368892	0.9997980241	
-1.5645696391	-0.7687290960	17.8070482402	


873.6898510	0.0000000	307.5000000	
0.0000000	873.6898510	239.5000000	
0.0000000	0.0000000	1.0000000	
0.9996549271	0.0118374728	0.0234499652	
-0.0113982549	0.9997587427	-0.0187759452	
-0.0236665675	0.0185021775	0.9995486797	
-1.7300936478	-0.8111867071	18.5962212449	


873.6898510	0.0000000	307.5000000	
0.0000000	873.6898510	239.5000000	
0.0000000	0.0000000	1.0000000	
0.9995333928	0.0107171601	0.0286031330	
-0.0102122868	0.9997904952	-0.0177390765	
-0.0287872530	0.0174386960	0.9994334325	
-1.8977593125	-0.8693027919	19.3912075331	


873.6898510	0.0000000	307.5000000	
0.0000000	873.6898510	239.5000000	
0.0000000	0.0000000	1.0000000	
0.9994935755	0.0084699724	0.0306733123	
-0.0080138357	0.9998559282	-0.0149633286	
-0.0307956322	0.0147099400	0.9994174537	
-2.0680813060	-0.9430516221	20.1747751270	


873.6898510	0.0000000	307.5000000	
0.0000000	873.6898510	239.5000000	
0.0000000	0.0000000	1.0000000	
0.9994147656	0.0031189348	0.0340646237	
-0.0027707136	0.9999434770	-0.0102647943	
-0.0340947135	0.0101644037	0.9993669173	
-2.2145853643	-1.0169719810	20.9660053114	


873.6898510	0.0000000	307.5000000	
0.0000000	873.6898510	239.5000000	
0.0000000	0.0000000	1.0000000	
0.9991620628	-0.0020400498	0.0408779954	
0.0020823753	0.9999973390	-0.0009928584	
-0.0408758612	0.0010771497	0.9991636521	
-2.3559951754	-1.0850228043	21.7390663029	


873.6898510	0.0000000	307.5000000	
0.0000000	873.6898510	239.5000000	
0.0000000	0.0000000	1.0000000	
0.9989563044	-0.0049451680	0.0454075678	
0.0046380364	0.9999656676	0.0068667522	
-0.0454399661	-0.0066489834	0.9989449437	
-2.4862006889	-1.1528285268	22.5048780720	


873.6898510	0.0000000	307.5000000	
0.0000000	873.6898510	239.5000000	
0.0000000	0.0000000	1.0000000	
0.9990286401	-0.0069587461	0.0435126666	
0.0063534590	0.9998813409	0.0140334516	
-0.0436051586	-0.0137433641	0.9989543083	
-2.6167280697	-1.2245673470	23.2526059137	


873.6898510	0.0000000	307.5000000	
0.0000000	873.6898510	239.5000000	
0.0000000	0.0000000	1.0000000	
0.9990873339	-0.0081777304	0.0419240257	
0.0072580053	0.9997306694	0.0220433677	
-0.0420929990	-0.0217189647	0.9988776031	
-2.7324591092	-1.2708449499	24.0164304305	


873.6898510	0.0000000	307.5000000	
0.0000000	873.6898510	239.5000000	
0.0000000	0.0000000	1.0000000	
0.9990211029	-0.0081225813	0.0434840166	
0.0068728760	0.9995612148	0.0288121750	
-0.0436989656	-0.0284851106	0.9986385727	
-2.8624264281	-1.3182453514	24.7561765152	


873.6898510	0.0000000	307.5000000	
0.0000000	873.6898510	239.5000000	
0.0000000	0.0000000	1.0000000	
0.9991305394	-0.0097357400	0.0405386306	
0.0083372727	0.9993690773	0.0345244439	
-0.0408491749	-0.0341564447	0.9985813348	
-2.9629970057	-1.3589745071	25.5510820670	


873.6898510	0.0000000	307.5000000	
0.0000000	873.6898510	239.5000000	
0.0000000	0.0000000	1.0000000	
0.9993306358	-0.0104155174	0.0350684658	
0.0090133148	0.9991627024	0.0399080732	
-0.0354547663	-0.0395652771	0.9985877770	
-3.0871200490	-1.3856001845	26.3424540750	


873.6898510	0.0000000	307.5000000	
0.0000000	873.6898510	239.5000000	
0.0000000	0.0000000	1.0000000	
0.9995179707	-0.0092520247	0.0296348828	
0.0079143963	0.9989583154	0.0449404754	
-0.0300198030	-0.0446842705	0.9985500125	
-3.2071577494	-1.4031609034	27.1259115267	


873.6898510	0.0000000	307.5000000	
0.0000000	873.6898510	239.5000000	
0.0000000	0.0000000	1.0000000	
0.9995646055	-0.0065076137	0.0287793410	
0.0051403105	0.9988660227	0.0473312364	
-0.0290547193	-0.0471626939	0.9984645730	
-3.3110770022	-1.4179173729	27.9446112387	


873.6898510	0.0000000	307.5000000	
0.0000000	873.6898510	239.5000000	
0.0000000	0.0000000	1.0000000	
0.9994384928	-0.0040311781	0.0332633230	
0.0025331999	0.9989858556	0.0449537905	
-0.0334108059	-0.0448442859	0.9984351296	
-3.4268175323	-1.4195202115	28.7810082892	


873.6898510	0.0000000	307.5000000	
0.0000000	873.6898510	239.5000000	
0.0000000	0.0000000	1.0000000	
0.9993688444	-0.0033263841	0.0353673300	
0.0018737962	0.9991563406	0.0410255533	
-0.0354739588	-0.0409333886	0.9985319504	
-3.5264052094	-1.4380862695	29.6131391369	


873.6898510	0.0000000	307.5000000	
0.0000000	873.6898510	239.5000000	
0.0000000	0.0000000	1.0000000	
0.9993497910	-0.0029395439	0.0359354174	
0.0016312729	0.9993366454	0.0363814254	
-0.0360185242	-0.0362991494	0.9986916630	
-3.6161988366	-1.4523637667	30.4407344913	


873.6898510	0.0000000	307.5000000	
0.0000000	873.6898510	239.5000000	
0.0000000	0.0000000	1.0000000	
0.9993209512	-0.0037348037	0.0366563453	
0.0026254868	0.9995384851	0.0302642290	
-0.0367524588	-0.0301474374	0.9988695554	
-3.6959874840	-1.4860982307	31.2483589705	


873.6898510	0.0000000	307.5000000	
0.0000000	873.6898510	239.5000000	
0.0000000	0.0000000	1.0000000	
0.9991261662	-0.0034418494	0.0416540228	
0.0022702073	0.9996013398	0.0281426309	
-0.0417342797	-0.0280234756	0.9987356681	
-3.7521843880	-1.5287550076	32.0855211927	


873.6898510	0.0000000	307.5000000	
0.0000000	873.6898510	239.5000000	
0.0000000	0.0000000	1.0000000	
0.9990569008	-0.0037899498	0.0432544251	
0.0024173674	0.9994932022	0.0317410644	
-0.0433528009	-0.0316065676	0.9985597426	
-3.8136124737	-1.5849162345	32.9290666049	


873.6898510	0.0000000	307.5000000	
0.0000000	873.6898510	239.5000000	
0.0000000	0.0000000	1.0000000	
0.9991183676	-0.0035697592	0.0418299462	
0.0019388370	0.9992386858	0.0389652380	
-0.0419371970	-0.0388497835	0.9983646457	
-3.8581476915	-1.6721132094	33.7635962020	


873.6898510	0.0000000	307.5000000	
0.0000000	873.6898510	239.5000000	
0.0000000	0.0000000	1.0000000	
0.9993476549	-0.0011190021	0.0360972633	
-0.0004331210	0.9990766171	0.0429619077	
-0.0361120061	-0.0429495162	0.9984243898	
-3.9310350933	-1.7718839085	34.5719832741	


873.6898510	0.0000000	307.5000000	
0.0000000	873.6898510	239.5000000	
0.0000000	0.0000000	1.0000000	
0.9996456683	0.0036155788	0.0263716772	
-0.0048267320	0.9989294004	0.0460082131	
-0.0261770974	-0.0461192000	0.9985928995	
-3.9949906183	-1.8771565549	35.4133152894	


873.6898510	0.0000000	307.5000000	
0.0000000	873.6898510	239.5000000	
0.0000000	0.0000000	1.0000000	
0.9998373066	0.0092622378	0.0154780932	
-0.0100597096	0.9985825776	0.0522650733	
-0.0149720627	-0.0524122753	0.9985132902	
-4.0886393526	-1.9768273333	36.2267039006	


873.6898510	0.0000000	307.5000000	
0.0000000	873.6898510	239.5000000	
0.0000000	0.0000000	1.0000000	
0.9998580698	0.0149197420	0.0078256921	
-0.0153544000	0.9981525049	0.0587862183	
-0.0069341590	-0.0588980336	0.9982399206	
-4.1953440334	-2.0701418097	37.0333391982	


873.6898510	0.0000000	307.5000000	
0.0000000	873.6898510	239.5000000	
0.0000000	0.0000000	1.0000000	
0.9997785708	0.0200702139	0.0063242364	
-0.0204339602	0.9977430204	0.0639634153	
-0.0050262033	-0.0640784812	0.9979322049	
-4.2983168001	-2.1540210654	37.8322765863	


873.6898510	0.0000000	307.5000000	
0.0000000	873.6898510	239.5000000	
0.0000000	0.0000000	1.0000000	
0.9996954132	0.0228246092	0.0093871214	
-0.0233891022	0.9975968134	0.0652192281	
-0.0078759590	-0.0654189196	0.9978268057	
-4.4202843618	-2.2378655250	38.6116553243	


873.6898510	0.0000000	307.5000000	
0.0000000	873.6898510	239.5000000	
0.0000000	0.0000000	1.0000000	
0.9996480221	0.0232706033	0.0127401327	
-0.0240257487	0.9977409611	0.0627354594	
-0.0112514603	-0.0630194691	0.9979488720	
-4.5545033208	-2.3109704907	39.3811218423	


873.6898510	0.0000000	307.5000000	
0.0000000	873.6898510	239.5000000	
0.0000000	0.0000000	1.0000000	
0.9995891964	0.0237518610	0.0160401873	
-0.0247040583	0.9977681711	0.0620353627	
-0.0145309330	-0.0624061361	0.9979450517	
-4.6938445199	-2.3685549535	40.1540305030	


873.6898510	0.0000000	307.5000000	
0.0000000	873.6898510	239.5000000	
0.0000000	0.0000000	1.0000000	
0.9995478074	0.0241632365	0.0178974520	
-0.0252451447	0.9976993128	0.0629187084	
-0.0163359560	-0.0633420808	0.9978581649	
-4.8377090021	-2.4052595913	40.9444688361	


873.6898510	0.0000000	307.5000000	
0.0000000	873.6898510	239.5000000	
0.0000000	0.0000000	1.0000000	
0.9995454935	0.0243311168	0.0177989639	
-0.0253879868	0.9977666721	0.0617828311	
-0.0162559677	-0.0622066302	0.9979308987	
-4.9877407730	-2.4427853098	41.7488162591	


873.6898510	0.0000000	307.5000000	
0.0000000	873.6898510	239.5000000	
0.0000000	0.0000000	1.0000000	
0.9996297954	0.0233064709	0.0140385421	
-0.0240955108	0.9979707559	0.0589387535	
-0.0126364001	-0.0592552000	0.9981628838	
-5.1535537056	-2.4734296803	42.5600547586	


873.6898510	0.0000000	307.5000000	
0.0000000	873.6898510	239.5000000	
0.0000000	0.0000000	1.0000000	
0.9996599362	0.0226753523	0.0128779042	
-0.0233531394	0.9982033617	0.0551786151	
-0.0116035727	-0.0554605903	0.9983934495	
-5.3205176368	-2.5045323515	43.3847580443	


873.6898510	0.0000000	307.5000000	
0.0000000	873.6898510	239.5000000	
0.0000000	0.0000000	1.0000000	
0.9996724265	0.0210582387	0.0145461417	
-0.0217834476	0.9984281198	0.0516407886	
-0.0134358129	-0.0519407376	0.9985597822	
-5.4931701245	-2.5413943766	44.2370183575	


873.6898510	0.0000000	307.5000000	
0.0000000	873.6898510	239.5000000	
0.0000000	0.0000000	1.0000000	
0.9996953902	0.0178563238	0.0170375594	
-0.0186406925	0.9987187219	0.0470472012	
-0.0161756395	-0.0473504621	0.9987473567	
-5.6702502453	-2.6064206650	45.0635832641	


873.6898510	0.0000000	307.5000000	
0.0000000	873.6898510	239.5000000	
0.0000000	0.0000000	1.0000000	
0.9997643800	0.0106243188	0.0189290358	
-0.0114463638	0.9989720147	0.0438622229	
-0.0184435708	-0.0440685567	0.9988582467	
-5.8443524277	-2.6770007747	45.8783099899	


873.6898510	0.0000000	307.5000000	
0.0000000	873.6898510	239.5000000	
0.0000000	0.0000000	1.0000000	
0.9996892042	0.0005935362	0.0249227338	
-0.0017005632	0.9990114663	0.0444206963	
-0.0248717316	-0.0444492732	0.9987019871	
-6.0269944947	-2.7606309891	46.7153686063	


873.6898510	0.0000000	307.5000000	
0.0000000	873.6898510	239.5000000	
0.0000000	0.0000000	1.0000000	
0.9992330591	-0.0077663395	0.0383793893	
0.0057130145	0.9985609377	0.0533236828	
-0.0387382888	-0.0530635247	0.9978394697	
-6.1749147320	-2.8423665081	47.6211711239	


873.6898510	0.0000000	307.5000000	
0.0000000	873.6898510	239.5000000	
0.0000000	0.0000000	1.0000000	
0.9988761808	-0.0119485413	0.0458651053	
0.0089425847	0.9978325671	0.0651935440	
-0.0465446635	-0.0647101256	0.9968180345	
-6.3102493935	-2.9312011376	48.5209500739	


873.6898510	0.0000000	307.5000000	
0.0000000	873.6898510	239.5000000	
0.0000000	0.0000000	1.0000000	
0.9989717300	-0.0132214953	0.0433667476	
0.0102309598	0.9976006958	0.0684702796	
-0.0441679771	-0.0679561902	0.9967101615	
-6.4638000762	-3.0350217041	49.3670550823	


873.6898510	0.0000000	307.5000000	
0.0000000	873.6898510	239.5000000	
0.0000000	0.0000000	1.0000000	
0.9990320716	-0.0124704452	0.0421830286	
0.0094417712	0.9974137660	0.0712504902	
-0.0429624587	-0.0707832424	0.9965660840	
-6.6081565845	-3.1477583025	50.1756947282	


873.6898510	0.0000000	307.5000000	
0.0000000	873.6898510	239.5000000	
0.0000000	0.0000000	1.0000000	
0.9988596675	-0.0121861572	0.0461612626	
0.0084924562	0.9968079000	0.0793844358	
-0.0469813024	-0.0789018886	0.9957746980	
-6.7282645879	-3.2330587440	51.0028664510	


873.6898510	0.0000000	307.5000000	
0.0000000	873.6898510	239.5000000	
0.0000000	0.0000000	1.0000000	
0.9984697052	-0.0122354199	0.0539309028	
0.0076542286	0.9964069921	0.0843476072	
-0.0547691570	-0.0838057311	0.9949758484	
-6.8286146361	-3.3145325505	51.8340735121	


873.6898510	0.0000000	307.5000000	
0.0000000	873.6898510	239.5000000	
0.0000000	0.0000000	1.0000000	
0.9981003516	-0.0135225345	0.0601068141	
0.0083381158	0.9962876647	0.0856817660	
-0.0610423121	-0.0850178232	0.9945078209	
-6.9347870031	-3.4033790144	52.6138548050	


873.6898510	0.0000000	307.5000000	
0.0000000	873.6898510	239.5000000	
0.0000000	0.0000000	1.0000000	
0.9979643896	-0.0146262317	0.0620737506	
0.0091263860	0.9960806470	0.0879775757	
-0.0631172421	-0.0872319787	0.9941864994	
-7.0252844333	-3.4702366004	53.4142827013	


873.6898510	0.0000000	307.5000000	
0.0000000	873.6898510	239.5000000	
0.0000000	0.0000000	1.0000000	
0.9979137450	-0.0137835303	0.0630727502	
0.0080268297	0.9958522945	0.0906298929	
-0.0640603429	-0.0899345416	0.9938853308	
-7.1178185773	-3.5282068720	54.2137821720	


873.6898510	0.0000000	307.5000000	
0.0000000	873.6898510	239.5000000	
0.0000000	0.0000000	1.0000000	
0.9980014213	-0.0136335855	0.0617032282	
0.0078483305	0.9956306777	0.0930481451	
-0.0627022067	-0.0923779138	0.9937478324	
-7.1953086958	-3.5723233005	55.0338469164	


873.6898510	0.0000000	307.5000000	
0.0000000	873.6898510	239.5000000	
0.0000000	0.0000000	1.0000000	
0.9980380050	-0.0147617877	0.0608459546	
0.0089652070	0.9954881966	0.0944609731	
-0.0619658424	-0.0937301445	0.9936673963	
-7.2631605119	-3.6048400910	55.8596912403	


873.6898510	0.0000000	307.5000000	
0.0000000	873.6898510	239.5000000	
0.0000000	0.0000000	1.0000000	
0.9979413028	-0.0164001291	0.0620015484	
0.0105183651	0.9955140390	0.0940274538	
-0.0632654743	-0.0931817248	0.9936370796	
-7.3133654699	-3.6218052156	56.6844248778	


873.6898510	0.0000000	307.5000000	
0.0000000	873.6898510	239.5000000	
0.0000000	0.0000000	1.0000000	
0.9978759825	-0.0182569336	0.0625316552	
0.0124084910	0.9956195321	0.0926702572	
-0.0639496120	-0.0916975005	0.9937313598	
-7.3464034026	-3.6394332918	57.5481557542	


873.6898510	0.0000000	307.5000000	
0.0000000	873.6898510	239.5000000	
0.0000000	0.0000000	1.0000000	
0.9979480006	-0.0184006074	0.0613286694	
0.0128340794	0.9958632468	0.0899537668	
-0.0627301718	-0.0889820847	0.9940558909	
-7.3739562694	-3.6650735671	58.3953839487	


873.6898510	0.0000000	307.5000000	
0.0000000	873.6898510	239.5000000	
0.0000000	0.0000000	1.0000000	
0.9982980356	-0.0174845121	0.0556356358	
0.0126956501	0.9962750097	0.0852931738	
-0.0569197031	-0.0844416773	0.9948013624	
-7.3991405921	-3.7135383310	59.2476566817	


873.6898510	0.0000000	307.5000000	
0.0000000	873.6898510	239.5000000	
0.0000000	0.0000000	1.0000000	
0.9987015503	-0.0161131894	0.0483278238	
0.0123610014	0.9969577012	0.0769580906	
-0.0494208364	-0.0762607841	0.9958623769	
-7.4111352715	-3.8063017313	60.0642642360	


873.6898510	0.0000000	307.5000000	
0.0000000	873.6898510	239.5000000	
0.0000000	0.0000000	1.0000000	
0.9989449609	-0.0134569645	0.0439075758	
0.0103465461	0.9974712671	0.0703137275	
-0.0447427546	-0.0697852520	0.9965581290	
-7.4289009380	-3.9134528820	60.8985964323	


873.6898510	0.0000000	307.5000000	
0.0000000	873.6898510	239.5000000	
0.0000000	0.0000000	1.0000000	
0.9991532880	-0.0114593643	0.0395144279	
0.0086558745	0.9974810404	0.0704034788	
-0.0402216718	-0.0700018354	0.9967356521	
-7.4485056883	-4.0325071354	61.7384304462	


873.6898510	0.0000000	307.5000000	
0.0000000	873.6898510	239.5000000	
0.0000000	0.0000000	1.0000000	
0.9991745544	-0.0077855050	0.0398697338	
0.0049236619	0.9974369506	0.0713812795	
-0.0403232850	-0.0711260530	0.9966519539	
-7.4740380137	-4.1483483243	62.5662370527	


873.6898510	0.0000000	307.5000000	
0.0000000	873.6898510	239.5000000	
0.0000000	0.0000000	1.0000000	
0.9991964926	-0.0008812524	0.0400698451	
-0.0020582532	0.9973108159	0.0732591297	
-0.0400266497	-0.0732827393	0.9965076555	
-7.4810525313	-4.2970592981	63.3521180909	


873.6898510	0.0000000	307.5000000	
0.0000000	873.6898510	239.5000000	
0.0000000	0.0000000	1.0000000	
0.9993654617	0.0056565074	0.0351664318	
-0.0084747677	0.9967173088	0.0805157410	
-0.0345955534	-0.0807626781	0.9961327911	
-7.4834229113	-4.4105004045	64.1865607567	


873.6898510	0.0000000	307.5000000	
0.0000000	873.6898510	239.5000000	
0.0000000	0.0000000	1.0000000	
0.9995378036	0.0106344494	0.0284795999	
-0.0131024672	0.9960409364	0.0879248452	
-0.0274318150	-0.0882573596	0.9957199074	
-7.4873024274	-4.5179835821	64.9990164579	


873.6898510	0.0000000	307.5000000	
0.0000000	873.6898510	239.5000000	
0.0000000	0.0000000	1.0000000	
0.9995606819	0.0133736286	0.0264497508	
-0.0158108631	0.9954282249	0.0941948284	
-0.0250691019	-0.0945716403	0.9952023638	
-7.4868016132	-4.6129978806	65.7892550666	


873.6898510	0.0000000	307.5000000	
0.0000000	873.6898510	239.5000000	
0.0000000	0.0000000	1.0000000	
0.9995719559	0.0135620166	0.0259225114	
-0.0160987055	0.9948272928	0.1002970044	
-0.0244281922	-0.1006713917	0.9946197938	
-7.4866333627	-4.6993595378	66.5776903209	


873.6898510	0.0000000	307.5000000	
0.0000000	873.6898510	239.5000000	
0.0000000	0.0000000	1.0000000	
0.9995611689	0.0150203927	0.0255314973	
-0.0176086640	0.9943817799	0.1043782098	
-0.0238202540	-0.1047819810	0.9942099034	
-7.4852673566	-4.7779438923	67.3380600052	


873.6898510	0.0000000	307.5000000	
0.0000000	873.6898510	239.5000000	
0.0000000	0.0000000	1.0000000	
0.9995303735	0.0185649208	0.0243798309	
-0.0210534783	0.9941282735	0.1061401283	
-0.0222661962	-0.1066035624	0.9940522607	
-7.4983290094	-4.8484327737	68.1069134946	


873.6898510	0.0000000	307.5000000	
0.0000000	873.6898510	239.5000000	
0.0000000	0.0000000	1.0000000	
0.9994995161	0.0224417652	0.0222953906	
-0.0247507742	0.9936944829	0.1093557211	
-0.0197006712	-0.1098528185	0.9937526059	
-7.5003301443	-4.9145907078	68.8841281203	


873.6898510	0.0000000	307.5000000	
0.0000000	873.6898510	239.5000000	
0.0000000	0.0000000	1.0000000	
0.9995177575	0.0237163958	0.0200445772	
-0.0258311624	0.9932778911	0.1128351989	
-0.0172337911	-0.1132985597	0.9934115123	
-7.4989720429	-4.9548305542	69.6885804665	


873.6898510	0.0000000	307.5000000	
0.0000000	873.6898510	239.5000000	
0.0000000	0.0000000	1.0000000	
0.9995622360	0.0229464035	0.0186761585	
-0.0249193255	0.9932416519	0.1133580529	
-0.0159487789	-0.1137738261	0.9933786554	
-7.5203913039	-4.9936000004	70.4554581803	


873.6898510	0.0000000	307.5000000	
0.0000000	873.6898510	239.5000000	
0.0000000	0.0000000	1.0000000	
0.9995858858	0.0209001412	0.0197798114	
-0.0230308739	0.9931599464	0.1144678983	
-0.0172521212	-0.1148760419	0.9932300133	
-7.5253451636	-5.0224810978	71.2457559085	


873.6898510	0.0000000	307.5000000	
0.0000000	873.6898510	239.5000000	
0.0000000	0.0000000	1.0000000	
0.9994128915	0.0212505896	0.0268753547	
-0.0242288140	0.9929718556	0.1158441128	
-0.0242247151	-0.1164272577	0.9929037500	
-7.5403436502	-5.0456907565	72.0553311734	


873.6898510	0.0000000	307.5000000	
0.0000000	873.6898510	239.5000000	
0.0000000	0.0000000	1.0000000	
0.9993472377	0.0192822391	0.0305498569	
-0.0226386501	0.9932647117	0.1136340794	
-0.0281529753	-0.1142515109	0.9930528698	
-7.5493062337	-5.0993437515	72.8244887439	


873.6898510	0.0000000	307.5000000	
0.0000000	873.6898510	239.5000000	
0.0000000	0.0000000	1.0000000	
0.9993930639	0.0139980174	0.0318992050	
-0.0174525262	0.9936974857	0.1107281183	
-0.0301481857	-0.1112176351	0.9933386756	
-7.5530536440	-5.1556144043	73.6023609942	


873.6898510	0.0000000	307.5000000	
0.0000000	873.6898510	239.5000000	
0.0000000	0.0000000	1.0000000	
0.9995442483	0.0060201596	0.0295813008	
-0.0093880638	0.9933131745	0.1150686818	
-0.0286907640	-0.1152939502	0.9929169880	
-7.5399837223	-5.2409732251	74.4064138168	


873.6898510	0.0000000	307.5000000	
0.0000000	873.6898510	239.5000000	
0.0000000	0.0000000	1.0000000	
0.9994434056	-0.0018042727	0.0333110137	
-0.0024673241	0.9918035147	0.1277485834	
-0.0332684738	-0.1277596683	0.9912470307	
-7.5041725761	-5.3200855638	75.2257575501	


873.6898510	0.0000000	307.5000000	
0.0000000	873.6898510	239.5000000	
0.0000000	0.0000000	1.0000000	
0.9990366745	-0.0054364328	0.0435450133	
-0.0005681568	0.9906110724	0.1367091085	
-0.0438793822	-0.1366021536	0.9896537028	
-7.4584209039	-5.4425520787	75.9704801985	


873.6898510	0.0000000	307.5000000	
0.0000000	873.6898510	239.5000000	
0.0000000	0.0000000	1.0000000	
0.9988282521	-0.0089219663	0.0475659683	
0.0022641074	0.9903981519	0.1382258099	
-0.0483424931	-0.1379561496	0.9892578552	
-7.4031156757	-5.5856591675	76.6836890493	


873.6898510	0.0000000	307.5000000	
0.0000000	873.6898510	239.5000000	
0.0000000	0.0000000	1.0000000	
0.9989217094	-0.0115653940	0.0449628758	
0.0051154456	0.9899963705	0.1410000657	
-0.0461438051	-0.1406180215	0.9889880289	
-7.3222394440	-5.7093455685	77.3932386206	


873.6898510	0.0000000	307.5000000	
0.0000000	873.6898510	239.5000000	
0.0000000	0.0000000	1.0000000	
0.9991534621	-0.0140525352	0.0386637478	
0.0083305993	0.9894908856	0.1443550777	
-0.0402859809	-0.1439107835	0.9887703101	
-7.2094523140	-5.8267330893	78.1026361593	


873.6898510	0.0000000	307.5000000	
0.0000000	873.6898510	239.5000000	
0.0000000	0.0000000	1.0000000	
0.9993740469	-0.0179133760	0.0305061527	
0.0132617870	0.9891401957	0.1463755388	
-0.0327969419	-0.1458793484	0.9887586037	
-7.0687144991	-5.9199638845	78.8036503111	


873.6898510	0.0000000	307.5000000	
0.0000000	873.6898510	239.5000000	
0.0000000	0.0000000	1.0000000	
0.9996075539	-0.0227398849	0.0163595787	
0.0200262188	0.9884394833	0.1502875190	
-0.0195879744	-0.1499009188	0.9885069680	
-6.9125488087	-6.0062854077	79.5124393505	


873.6898510	0.0000000	307.5000000	
0.0000000	873.6898510	239.5000000	
0.0000000	0.0000000	1.0000000	
0.9996631820	-0.0258585537	0.0022040448	
0.0252064271	0.9876389810	0.1547057827	
-0.0061772684	-0.1545981189	0.9879581282	
-6.7365722629	-6.0722813617	80.1993827000	


873.6898510	0.0000000	307.5000000	
0.0000000	873.6898510	239.5000000	
0.0000000	0.0000000	1.0000000	
0.9995745691	-0.0268689994	-0.0113462603	
0.0283286728	0.9869567817	0.1584733333	
0.0069402487	-0.1587273383	0.9872980629	
-6.5270892343	-6.1368521607	80.8615692831	


873.6898510	0.0000000	307.5000000	
0.0000000	873.6898510	239.5000000	
0.0000000	0.0000000	1.0000000	
0.9993450627	-0.0281763814	-0.0227054430	
0.0314927900	0.9862530564	0.1622131714	
0.0178227323	-0.1628219897	0.9864944753	
-6.2889905097	-6.1935515312	81.5097260342	


873.6898510	0.0000000	307.5000000	
0.0000000	873.6898510	239.5000000	
0.0000000	0.0000000	1.0000000	
0.9990966635	-0.0302060464	-0.0298906630	
0.0347507950	0.9855872009	0.1655604171	
0.0244589292	-0.1664495846	0.9857465681	
-6.0210515163	-6.2255052694	82.1566394912	


873.6898510	0.0000000	307.5000000	
0.0000000	873.6898510	239.5000000	
0.0000000	0.0000000	1.0000000	
0.9990511147	-0.0306256835	-0.0309667204	
0.0353679628	0.9854090311	0.1664876833	
0.0254160868	-0.1674249354	0.9855571589	
-5.7036340574	-6.2630022452	82.7800403735	


873.6898510	0.0000000	307.5000000	
0.0000000	873.6898510	239.5000000	
0.0000000	0.0000000	1.0000000	
0.9990865762	-0.0295756863	-0.0308430237	
0.0342811090	0.9856457590	0.1653095381	
0.0255111524	-0.1662158735	0.9857593340	
-5.3592365527	-6.3033821410	83.3629431746	


873.6898510	0.0000000	307.5000000	
0.0000000	873.6898510	239.5000000	
0.0000000	0.0000000	1.0000000	
0.9990797328	-0.0275427511	-0.0328798462	
0.0325422475	0.9861284593	0.1627625996	
0.0279408223	-0.1636827986	0.9861172607	
-4.9965751090	-6.3275755000	83.9798916755	


873.6898510	0.0000000	307.5000000	
0.0000000	873.6898510	239.5000000	
0.0000000	0.0000000	1.0000000	
0.9989669398	-0.0235388997	-0.0388712402	
0.0294738246	0.9866829558	0.1599626157	
0.0345882462	-0.1609430489	0.9863574343	
-4.6114953183	-6.3645052376	84.5784845628	


873.6898510	0.0000000	307.5000000	
0.0000000	873.6898510	239.5000000	
0.0000000	0.0000000	1.0000000	
0.9988509812	-0.0188532364	-0.0440598774	
0.0255710145	0.9872246895	0.1572689914	
0.0405319693	-0.1582149422	0.9865724462	
-4.2057674664	-6.4126039608	85.1607612747	


873.6898510	0.0000000	307.5000000	
0.0000000	873.6898510	239.5000000	
0.0000000	0.0000000	1.0000000	
0.9989854308	-0.0118894719	-0.0434367309	
0.0183978787	0.9881071897	0.1526620442	
0.0411050750	-0.1533063017	0.9873234276	
-3.7925941433	-6.4862598673	85.7509755862	


873.6898510	0.0000000	307.5000000	
0.0000000	873.6898510	239.5000000	
0.0000000	0.0000000	1.0000000	
0.9988677645	-0.0057377530	-0.0472257054	
0.0128103780	0.9884728072	0.1508555723	
0.0458157536	-0.1512897474	0.9874271259	
-3.3847967211	-6.5818349085	86.3257560431	


873.6898510	0.0000000	307.5000000	
0.0000000	873.6898510	239.5000000	
0.0000000	0.0000000	1.0000000	
0.9983208940	0.0021662651	-0.0578852302	
0.0071185762	0.9871378188	0.1597130319	
0.0574866807	-0.1598569172	0.9854648891	
-2.9774337437	-6.6907233047	86.9225459838	


873.6898510	0.0000000	307.5000000	
0.0000000	873.6898510	239.5000000	
0.0000000	0.0000000	1.0000000	
0.9980098376	0.0145726683	-0.0613514579	
-0.0039353531	0.9854276514	0.1700495719	
0.0629354991	-0.1694697060	0.9835238389	
-2.5943189500	-6.8069498164	87.4546662458	


873.6898510	0.0000000	307.5000000	
0.0000000	873.6898510	239.5000000	
0.0000000	0.0000000	1.0000000	
0.9980629328	0.0282572803	-0.0554247985	
-0.0184785326	0.9853390542	0.1696039269	
0.0594047643	-0.1682512237	0.9839525394	
-2.2125997949	-6.9629999434	87.9353630849	


873.6898510	0.0000000	307.5000000	
0.0000000	873.6898510	239.5000000	
0.0000000	0.0000000	1.0000000	
0.9976647433	0.0346835656	-0.0588396991	
-0.0244166885	0.9856542178	0.1670017615	
0.0637878141	-0.1651750989	0.9841993200	
-1.8558100164	-7.1047060355	88.3984149679	


873.6898510	0.0000000	307.5000000	
0.0000000	873.6898510	239.5000000	
0.0000000	0.0000000	1.0000000	
0.9970623499	0.0393179640	-0.0657325498	
-0.0278137757	0.9854684238	0.1675660454	
0.0713657079	-0.1652455246	0.9836670434	
-1.5020131271	-7.2359882083	88.8298155514	


873.6898510	0.0000000	307.5000000	
0.0000000	873.6898510	239.5000000	
0.0000000	0.0000000	1.0000000	
0.9961346557	0.0454427455	-0.0751711690	
-0.0320595921	0.9848332900	0.1705156108	
0.0817797672	-0.1674465522	0.9824834461	
-1.1720683659	-7.3679595000	89.2578044596	


873.6898510	0.0000000	307.5000000	
0.0000000	873.6898510	239.5000000	
0.0000000	0.0000000	1.0000000	
0.9940241765	0.0491040287	-0.0974922090	
-0.0315201955	0.9841832024	0.1743269957	
0.1045103522	-0.1702122749	0.9798496659	
-0.8717125806	-7.4828673338	89.6959277442	


873.6898510	0.0000000	307.5000000	
0.0000000	873.6898510	239.5000000	
0.0000000	0.0000000	1.0000000	
0.9913437790	0.0512342522	-0.1208824355	
-0.0290952986	0.9835536354	0.1782574257	
0.1280272448	-0.1731972794	0.9765304537	
-0.6046121691	-7.5712955987	90.1481721621	


873.6898510	0.0000000	307.5000000	
0.0000000	873.6898510	239.5000000	
0.0000000	0.0000000	1.0000000	
0.9890318048	0.0554003660	-0.1369192777	
-0.0295859392	0.9825123718	0.1838317478	
0.1447092304	-0.1777645599	0.9733750561	
-0.3532731195	-7.6393208804	90.6124533163	


873.6898510	0.0000000	307.5000000	
0.0000000	873.6898510	239.5000000	
0.0000000	0.0000000	1.0000000	
0.9869929165	0.0605262770	-0.1489347259	
-0.0315023629	0.9812750221	0.1900182418	
0.1576470232	-0.1828548629	0.9704182167	
-0.1025229589	-7.7166290644	91.0471210390	


873.6898510	0.0000000	307.5000000	
0.0000000	873.6898510	239.5000000	
0.0000000	0.0000000	1.0000000	
0.9850020987	0.0655674817	-0.1595987808	
-0.0337608920	0.9803435413	0.1943881250	
0.1692071738	-0.1860845139	0.9678540624	
0.1375287886	-7.7899791488	91.4909270552	


873.6898510	0.0000000	307.5000000	
0.0000000	873.6898510	239.5000000	
0.0000000	0.0000000	1.0000000	
0.9827361328	0.0680837584	-0.1720299253	
-0.0330943804	0.9795202660	0.1986071762	
0.1820287212	-0.1894852245	0.9648631480	
0.3701095919	-7.8497437796	91.9489376870	


873.6898510	0.0000000	307.5000000	
0.0000000	873.6898510	239.5000000	
0.0000000	0.0000000	1.0000000	
0.9808238975	0.0698361116	-0.1819543888	
-0.0324226777	0.9790549553	0.2009979215	
0.1921802593	-0.1912441162	0.9625447709	
0.5967361238	-7.9191375065	92.4093264279	


873.6898510	0.0000000	307.5000000	
0.0000000	873.6898510	239.5000000	
0.0000000	0.0000000	1.0000000	
0.9791490625	0.0706028174	-0.1904792787	
-0.0311830316	0.9787855239	0.2025006587	
0.2007354777	-0.1923386087	0.9605785380	
0.8284075856	-7.9898799454	92.8706606819	


873.6898510	0.0000000	307.5000000	
0.0000000	873.6898510	239.5000000	
0.0000000	0.0000000	1.0000000	
0.9776036759	0.0712950977	-0.1980102568	
-0.0301432805	0.9786040906	0.2035323476	
0.2082845059	-0.1930052924	0.9588360244	
1.0634916481	-8.0543410013	93.3523636334	


873.6898510	0.0000000	307.5000000	
0.0000000	873.6898510	239.5000000	
0.0000000	0.0000000	1.0000000	
0.9753109366	0.0735655573	-0.2082226830	
-0.0306903022	0.9788859838	0.2020899209	
0.2186931235	-0.1907100929	0.9569759549	
1.2930676096	-8.1240134274	93.8306252489	


873.6898510	0.0000000	307.5000000	
0.0000000	873.6898510	239.5000000	
0.0000000	0.0000000	1.0000000	
0.9721819575	0.0749755593	-0.2219029224	
-0.0298444265	0.9793138247	0.2001343123	
0.2323177816	-0.1879444020	0.9543088337	
1.5291640057	-8.2138386075	94.3409218987	


873.6898510	0.0000000	307.5000000	
0.0000000	873.6898510	239.5000000	
0.0000000	0.0000000	1.0000000	
0.9696726665	0.0796316833	-0.2310708004	
-0.0336970605	0.9799631438	0.1963077813	
0.2420731871	-0.1825678830	0.9529268284	
1.7719023163	-8.3015079048	94.8437981000	


873.6898510	0.0000000	307.5000000	
0.0000000	873.6898510	239.5000000	
