#Camera Parameters: K   R   T ------  X_world = R X_camera + T
#K (intrinsic matrix): the first 3*3 matrix 
#R (rotational matrix): the second 3*3 matrix 
#T (translation vector): the final line 

270

1963.1847650	0.0000000	307.5000000	
0.0000000	1963.1847650	239.5000000	
0.0000000	0.0000000	1.0000000	
1.0000000000	-0.0000000000	0.0000000000	
-0.0000000000	1.0000000000	0.0000000000	
0.0000000000	0.0000000000	1.0000000000	
0.0000000000	0.0000000000	0.0000000000	


1963.1847650	0.0000000	307.5000000	
0.0000000	1963.1847650	239.5000000	
0.0000000	0.0000000	1.0000000	
0.9999999988	0.0000476893	0.0000121943	
-0.0000476888	0.9999999981	-0.0000400549	
-0.0000121962	0.0000400543	0.9999999991	
-0.0009769660	0.0025051986	0.0152850521	


1963.1847650	0.0000000	307.5000000	
0.0000000	1963.1847650	239.5000000	
0.0000000	0.0000000	1.0000000	
0.9999999988	0.0000476893	0.0000121943	
-0.0000476888	0.9999999981	-0.0000400549	
-0.0000121962	0.0000400543	0.9999999991	
-0.0009769660	0.0025051986	0.0152850521	


1963.1847650	0.0000000	307.5000000	
0.0000000	1963.1847650	239.5000000	
0.0000000	0.0000000	1.0000000	
0.9999999988	0.0000476893	0.0000121943	
-0.0000476888	0.9999999981	-0.0000400549	
-0.0000121962	0.0000400543	0.9999999991	
-0.0009769660	0.0025051986	0.0152850521	


1963.1847650	0.0000000	307.5000000	
0.0000000	1963.1847650	239.5000000	
0.0000000	0.0000000	1.0000000	
0.9999875395	-0.0045690102	-0.0020112215	
0.0045707894	0.9999891659	0.0008809429	
0.0020071747	-0.0008901248	0.9999975895	
0.0054844407	-0.0114595809	0.2517445026	


1963.1847650	0.0000000	307.5000000	
0.0000000	1963.1847650	239.5000000	
0.0000000	0.0000000	1.0000000	
0.9999741298	-0.0070048595	-0.0016345322	
0.0070068632	0.9999747033	0.0012233486	
0.0016259215	-0.0012347699	0.9999979159	
0.0082206134	-0.0200201219	0.3854496294	


1963.1847650	0.0000000	307.5000000	
0.0000000	1963.1847650	239.5000000	
0.0000000	0.0000000	1.0000000	
0.9999605879	-0.0088147629	-0.0010595691	
0.0088168944	0.9999590819	0.0020240782	
0.0010416840	-0.0020333405	0.9999973902	
0.0138455097	-0.0211447497	0.5538737296	


1963.1847650	0.0000000	307.5000000	
0.0000000	1963.1847650	239.5000000	
0.0000000	0.0000000	1.0000000	
0.9999369343	-0.0112030742	-0.0007864265	
0.0112053534	0.9999328482	0.0029562193	
0.0007532550	-0.0029648451	0.9999953211	
0.0204084485	-0.0255027946	0.7077637432	


1963.1847650	0.0000000	307.5000000	
0.0000000	1963.1847650	239.5000000	
0.0000000	0.0000000	1.0000000	
0.9999101631	-0.0133385711	-0.0013221995	
0.0133431979	0.9999046578	0.0035544975	
0.0012746615	-0.0035718206	0.9999928086	
0.0264322180	-0.0277176017	0.8944177878	


1963.1847650	0.0000000	307.5000000	
0.0000000	1963.1847650	239.5000000	
0.0000000	0.0000000	1.0000000	
0.9998866662	-0.0149251513	-0.0019734830	
0.0149332928	0.9998797669	0.0041771432	
0.0019109012	-0.0042061404	0.9999893284	
0.0338366996	-0.0284679824	1.0972696721	


1963.1847650	0.0000000	307.5000000	
0.0000000	1963.1847650	239.5000000	
0.0000000	0.0000000	1.0000000	
0.9998807986	-0.0153115166	-0.0019864676	
0.0153203348	0.9998724988	0.0045026053	
0.0019172726	-0.0045325019	0.9999878902	
0.0389785492	-0.0275153772	1.3078818597	


1963.1847650	0.0000000	307.5000000	
0.0000000	1963.1847650	239.5000000	
0.0000000	0.0000000	1.0000000	
0.9998909261	-0.0146466457	-0.0019004257	
0.0146547780	0.9998832016	0.0043382852	
0.0018366624	-0.0043656624	0.9999887838	
0.0436170562	-0.0283647625	1.5389963455	


1963.1847650	0.0000000	307.5000000	
0.0000000	1963.1847650	239.5000000	
0.0000000	0.0000000	1.0000000	
0.9998980539	-0.0140924314	-0.0022989406	
0.0141015345	0.9998925965	0.0039927558	
0.0022424260	-0.0040247673	0.9999893863	
0.0492880454	-0.0295156335	1.7925043301	


1963.1847650	0.0000000	307.5000000	
0.0000000	1963.1847650	239.5000000	
0.0000000	0.0000000	1.0000000	
0.9999235538	-0.0123502613	-0.0005980621	
0.0123518472	0.9999200002	0.0027249091	
0.0005643609	-0.0027320880	0.9999961086	
0.0492837118	-0.0290479944	2.0680123575	


1963.1847650	0.0000000	307.5000000	
0.0000000	1963.1847650	239.5000000	
0.0000000	0.0000000	1.0000000	
0.9999624843	-0.0078827561	0.0035905740	
0.0078821693	0.9999689195	0.0001775598	
-0.0035918620	-0.0001492516	0.9999935381	
0.0500500020	-0.0284541881	2.3886653283	


1963.1847650	0.0000000	307.5000000	
0.0000000	1963.1847650	239.5000000	
0.0000000	0.0000000	1.0000000	
0.9999753319	-0.0037835738	0.0059177875	
0.0038010264	0.9999884522	-0.0029407081	
-0.0059065928	0.0029631292	0.9999781658	
0.0471038027	-0.0343344240	2.7170311564	


1963.1847650	0.0000000	307.5000000	
0.0000000	1963.1847650	239.5000000	
0.0000000	0.0000000	1.0000000	
0.9999788242	0.0011618264	0.0064032321	
-0.0011197018	0.9999777358	-0.0065783163	
-0.0064107324	0.0065710073	0.9999578613	
0.0417103327	-0.0426260276	3.0026516945	


1963.1847650	0.0000000	307.5000000	
0.0000000	1963.1847650	239.5000000	
0.0000000	0.0000000	1.0000000	
0.9999728374	0.0034729315	0.0065010100	
-0.0034111479	0.9999491433	-0.0094907778	
-0.0065336402	0.0094683441	0.9999338288	
0.0290194861	-0.0595618932	3.2681372692	


1963.1847650	0.0000000	307.5000000	
0.0000000	1963.1847650	239.5000000	
0.0000000	0.0000000	1.0000000	
0.9999688671	0.0055312235	0.0056276416	
-0.0054802439	0.9999441731	-0.0090342421	
-0.0056772978	0.0090031200	0.9999433545	
0.0282726189	-0.0668790021	3.5687944826	


1963.1847650	0.0000000	307.5000000	
0.0000000	1963.1847650	239.5000000	
0.0000000	0.0000000	1.0000000	
0.9999779946	0.0063379214	0.0019598854	
-0.0063227522	0.9999507374	-0.0076515017	
-0.0020082835	0.0076389415	0.9999688062	
0.0208955776	-0.0922739309	3.7797707147	


1963.1847650	0.0000000	307.5000000	
0.0000000	1963.1847650	239.5000000	
0.0000000	0.0000000	1.0000000	
0.9999608506	0.0087758418	-0.0011321548	
-0.0087835113	0.9999372216	-0.0069572153	
0.0010710283	0.0069668872	0.9999751574	
0.0141606278	-0.1075010342	4.0705997930	


1963.1847650	0.0000000	307.5000000	
0.0000000	1963.1847650	239.5000000	
0.0000000	0.0000000	1.0000000	
0.9999351514	0.0107129257	-0.0038634411	
-0.0107310419	0.9999313783	-0.0046992975	
0.0038128328	0.0047404515	0.9999814950	
-0.0020648452	-0.1273237849	4.3317719636	


1963.1847650	0.0000000	307.5000000	
0.0000000	1963.1847650	239.5000000	
0.0000000	0.0000000	1.0000000	
0.9999149869	0.0114905204	-0.0061633546	
-0.0114945152	0.9999337479	-0.0006131203	
0.0061559012	0.0006839130	0.9999808184	
-0.0019542658	-0.1389803987	4.6626402143	


1963.1847650	0.0000000	307.5000000	
0.0000000	1963.1847650	239.5000000	
0.0000000	0.0000000	1.0000000	
0.9998947352	0.0124346313	-0.0074765209	
-0.0124133911	0.9999188015	0.0028806513	
0.0075117337	-0.0027875390	0.9999679012	
-0.0198390347	-0.1552047332	4.9692826484	


1963.1847650	0.0000000	307.5000000	
0.0000000	1963.1847650	239.5000000	
0.0000000	0.0000000	1.0000000	
0.9998797224	0.0130661819	-0.0083555741	
-0.0130209663	0.9999004085	0.0054431254	
0.0084258629	-0.0053336730	0.9999502771	
-0.0413289425	-0.1670334279	5.2949252117	


1963.1847650	0.0000000	307.5000000	
0.0000000	1963.1847650	239.5000000	
0.0000000	0.0000000	1.0000000	
0.9998917156	0.0120813937	-0.0084022019	
-0.0120215964	0.9999023080	0.0071313190	
0.0084875373	-0.0070295389	0.9999392718	
-0.0707940401	-0.1747646476	5.6141185094	


1963.1847650	0.0000000	307.5000000	
0.0000000	1963.1847650	239.5000000	
0.0000000	0.0000000	1.0000000	
0.9999082489	0.0115956547	-0.0070024671	
-0.0115342567	0.9998952314	0.0087456914	
0.0071031455	-0.0086641207	0.9999372372	
-0.0972252814	-0.1773894838	5.9838952063	


1963.1847650	0.0000000	307.5000000	
0.0000000	1963.1847650	239.5000000	
0.0000000	0.0000000	1.0000000	
0.9999239596	0.0112380137	-0.0050776032	
-0.0111858235	0.9998854877	0.0101925914	
0.0051915662	-0.0101350191	0.9999351624	
-0.1271635358	-0.1819399991	6.3365455316	


1963.1847650	0.0000000	307.5000000	
0.0000000	1963.1847650	239.5000000	
0.0000000	0.0000000	1.0000000	
0.9999283761	0.0114065474	-0.0036239988	
-0.0113659331	0.9998744959	0.0110366689	
0.0037494343	-0.0109946883	0.9999325270	
-0.1673747922	-0.1823846300	6.6730195656	


1963.1847650	0.0000000	307.5000000	
0.0000000	1963.1847650	239.5000000	
0.0000000	0.0000000	1.0000000	
0.9999196024	0.0121449542	-0.0036453813	
-0.0121013431	0.9998576658	0.0117560889	
0.0037876396	-0.0117110297	0.9999242499	
-0.1956041023	-0.1895120982	7.0523821638	


1963.1847650	0.0000000	307.5000000	
0.0000000	1963.1847650	239.5000000	
0.0000000	0.0000000	1.0000000	
0.9999001641	0.0136641571	-0.0035989660	
-0.0136206855	0.9998371506	0.0118384668	
0.0037601426	-0.0117882645	0.9999234461	
-0.2310520038	-0.1976926060	7.4102931551	


1963.1847650	0.0000000	307.5000000	
0.0000000	1963.1847650	239.5000000	
0.0000000	0.0000000	1.0000000	
0.9998730139	0.0157020339	-0.0027207111	
-0.0156728743	0.9998228082	0.0104265605	
0.0028839472	-0.0103825951	0.9999419406	
-0.2795937245	-0.2013545603	7.7842694383	


1963.1847650	0.0000000	307.5000000	
0.0000000	1963.1847650	239.5000000	
0.0000000	0.0000000	1.0000000	
0.9998648401	0.0162519993	-0.0024847677	
-0.0162305468	0.9998327984	0.0084228596	
0.0026212405	-0.0083813920	0.9999614399	
-0.3257635591	-0.2117652336	8.1405004035	


1963.1847650	0.0000000	307.5000000	
0.0000000	1963.1847650	239.5000000	
0.0000000	0.0000000	1.0000000	
0.9998241744	0.0187313538	-0.0008699197	
-0.0187257510	0.9998063221	0.0060551243	
0.0009831719	-0.0060377697	0.9999812892	
-0.3861117075	-0.2141183983	8.5319209030	


1963.1847650	0.0000000	307.5000000	
0.0000000	1963.1847650	239.5000000	
0.0000000	0.0000000	1.0000000	
0.9998026298	0.0198666692	-0.0001301541	
-0.0198663613	0.9998005487	0.0020470728	
0.0001707967	-0.0020440830	0.9999978963	
-0.4583670217	-0.2297801637	8.8238867102	


1963.1847650	0.0000000	307.5000000	
0.0000000	1963.1847650	239.5000000	
0.0000000	0.0000000	1.0000000	
0.9998419385	0.0177363170	0.0012333268	
-0.0177315306	0.9998356038	-0.0037892088	
-0.0013003307	0.0037667411	0.9999920604	
-0.5462361613	-0.2428096495	9.1119600618	


1963.1847650	0.0000000	307.5000000	
0.0000000	1963.1847650	239.5000000	
0.0000000	0.0000000	1.0000000	
0.9998839719	0.0140342613	0.0059230211	
-0.0139879836	0.9998718677	-0.0077836058	
-0.0060314994	0.0076998516	0.9999521655	
-0.6046690420	-0.2420742159	9.5628426190	


1963.1847650	0.0000000	307.5000000	
0.0000000	1963.1847650	239.5000000	
0.0000000	0.0000000	1.0000000	
0.9998644914	0.0116321915	0.0116486491	
-0.0115307281	0.9998953226	-0.0087399228	
-0.0117490942	0.0086044211	0.9998939557	
-0.6730306977	-0.2466395945	10.0130579276	


1963.1847650	0.0000000	307.5000000	
0.0000000	1963.1847650	239.5000000	
0.0000000	0.0000000	1.0000000	
0.9998401281	0.0109663528	0.0141229368	
-0.0108505175	0.9999070761	-0.0082526021	
-0.0142121254	0.0080980416	0.9998662097	
-0.7331789856	-0.2646208991	10.4260214522	


1963.1847650	0.0000000	307.5000000	
0.0000000	1963.1847650	239.5000000	
0.0000000	0.0000000	1.0000000	
0.9998454922	0.0088774244	0.0151717821	
-0.0087731023	0.9999375100	-0.0069288408	
-0.0152323443	0.0067946666	0.9998608944	
-0.7983748747	-0.2976900430	10.7875421107	


1963.1847650	0.0000000	307.5000000	
0.0000000	1963.1847650	239.5000000	
0.0000000	0.0000000	1.0000000	
0.9998520590	0.0037840383	0.0167791873	
-0.0037034769	0.9999814787	-0.0048297448	
-0.0167971525	0.0047668889	0.9998475546	
-0.8421472484	-0.3139357791	11.2717277700	


1963.1847650	0.0000000	307.5000000	
0.0000000	1963.1847650	239.5000000	
0.0000000	0.0000000	1.0000000	
0.9998007208	-0.0006230637	0.0199532063	
0.0006365627	0.9999995728	-0.0006701902	
-0.0199527802	0.0006827581	0.9998006903	
-0.8740305602	-0.3213238259	11.8067228180	


1963.1847650	0.0000000	307.5000000	
0.0000000	1963.1847650	239.5000000	
0.0000000	0.0000000	1.0000000	
0.9997510763	-0.0031076808	0.0220936128	
0.0030432386	0.9999910186	0.0029498053	
-0.0221025814	-0.0028818349	0.9997515546	
-0.9198227743	-0.3435589114	12.2305228398	


1963.1847650	0.0000000	307.5000000	
0.0000000	1963.1847650	239.5000000	
0.0000000	0.0000000	1.0000000	
0.9997634310	-0.0046514895	0.0212472491	
0.0045214583	0.9999707812	0.0061638530	
-0.0212752994	-0.0060663263	0.9997552507	
-0.9513752124	-0.3662974917	12.6789546650	


1963.1847650	0.0000000	307.5000000	
0.0000000	1963.1847650	239.5000000	
0.0000000	0.0000000	1.0000000	
0.9997719082	-0.0057662784	0.0205640876	
0.0055644689	0.9999359317	0.0098574419	
-0.0206196109	-0.0097407653	0.9997399408	
-0.9882031948	-0.3943962145	13.0729143650	


1963.1847650	0.0000000	307.5000000	
0.0000000	1963.1847650	239.5000000	
0.0000000	0.0000000	1.0000000	
0.9997574607	-0.0055951815	0.0213005575	
0.0053200402	0.9999019677	0.0129519209	
-0.0213709377	-0.0128354598	0.9996892187	
-1.0254277497	-0.4101728438	13.5217524843	


1963.1847650	0.0000000	307.5000000	
0.0000000	1963.1847650	239.5000000	
0.0000000	0.0000000	1.0000000	
0.9997760559	-0.0069608207	0.0199846213	
0.0066506300	0.9998570321	0.0155462024	
-0.0200899785	-0.0154098106	0.9996794139	
-1.0602434796	-0.4347433729	13.9251504776	


1963.1847650	0.0000000	307.5000000	
0.0000000	1963.1847650	239.5000000	
0.0000000	0.0000000	1.0000000	
0.9998145815	-0.0080389050	0.0174979582	
0.0077229216	0.9998072300	0.0180515760	
-0.0176397000	-0.0179130935	0.9996839311	
-1.1056246885	-0.4638114174	14.2685809236	


1963.1847650	0.0000000	307.5000000	
0.0000000	1963.1847650	239.5000000	
0.0000000	0.0000000	1.0000000	
0.9998614045	-0.0072352318	0.0149941040	
0.0069300050	0.9997697253	0.0203093919	
-0.0151375944	-0.0202026679	0.9996813019	
-1.1389154700	-0.4802525646	14.6971450889	


1963.1847650	0.0000000	307.5000000	
0.0000000	1963.1847650	239.5000000	
0.0000000	0.0000000	1.0000000	
0.9998827741	-0.0045292867	0.0146261276	
0.0042154113	0.9997616807	0.0214198989	
-0.0147196588	-0.0213557327	0.9996635756	
-1.1769576954	-0.4947114946	15.0775821385	


1963.1847650	0.0000000	307.5000000	
0.0000000	1963.1847650	239.5000000	
0.0000000	0.0000000	1.0000000	
0.9998572348	-0.0018531448	0.0167951167	
0.0015121302	0.9997929041	0.0202943935	
-0.0168292470	-0.0202660998	0.9996529706	
-1.2224249409	-0.4882908426	15.5578924239	


1963.1847650	0.0000000	307.5000000	
0.0000000	1963.1847650	239.5000000	
0.0000000	0.0000000	1.0000000	
0.9998396741	-0.0012511935	0.0178622652	
0.0009202317	0.9998279785	0.0185247549	
-0.0178823706	-0.0185053475	0.9996688316	
-1.2733580103	-0.5013577127	15.9485683205	


1963.1847650	0.0000000	307.5000000	
0.0000000	1963.1847650	239.5000000	
0.0000000	0.0000000	1.0000000	
0.9998342435	-0.0012229352	0.0181656237	
0.0009249078	0.9998649934	0.0164054699	
-0.0181832340	-0.0163859491	0.9997003905	
-1.3093761238	-0.5081774074	16.3826751145	


1963.1847650	0.0000000	307.5000000	
0.0000000	1963.1847650	239.5000000	
0.0000000	0.0000000	1.0000000	
0.9998254760	-0.0022845922	0.0185417968	
0.0020320000	0.9999050387	0.0136302809	
-0.0185711757	-0.0135902252	0.9997351735	
-1.3414564467	-0.5193767160	16.8300486821	


1963.1847650	0.0000000	307.5000000	
0.0000000	1963.1847650	239.5000000	
0.0000000	0.0000000	1.0000000	
0.9997793754	-0.0015927034	0.0209443019	
0.0013275722	0.9999188930	0.0126666885	
-0.0209627775	-0.0126360888	0.9997004007	
-1.3716163113	-0.5280062472	17.2961565183	


1963.1847650	0.0000000	307.5000000	
0.0000000	1963.1847650	239.5000000	
0.0000000	0.0000000	1.0000000	
0.9997640640	-0.0018221896	0.0216447656	
0.0015135810	0.9998970939	0.0142657205	
-0.0216685330	-0.0142295936	0.9996639402	
-1.3837286380	-0.5396839810	17.8130948927	


1963.1847650	0.0000000	307.5000000	
0.0000000	1963.1847650	239.5000000	
0.0000000	0.0000000	1.0000000	
0.9997786784	-0.0013409566	0.0209951428	
0.0009725795	0.9998455803	0.0175462118	
-0.0210154295	-0.0175219090	0.9996255971	
-1.3947046156	-0.5663940864	18.3037001262	


1963.1847650	0.0000000	307.5000000	
0.0000000	1963.1847650	239.5000000	
0.0000000	0.0000000	1.0000000	
0.9998329709	0.0006279129	0.0182657071	
-0.0009814659	0.9998122200	0.0193535914	
-0.0182501248	-0.0193682859	0.9996458385	
-1.4019550083	-0.6041778321	18.7889994495	


1963.1847650	0.0000000	307.5000000	
0.0000000	1963.1847650	239.5000000	
0.0000000	0.0000000	1.0000000	
0.9998942497	0.0046687280	0.0137728833	
-0.0049539724	0.9997724285	0.0207496852	
-0.0136728743	-0.0208157214	0.9996898310	
-1.4224812295	-0.6510276653	19.1925140173	


1963.1847650	0.0000000	307.5000000	
0.0000000	1963.1847650	239.5000000	
0.0000000	0.0000000	1.0000000	
0.9999150825	0.0097079506	0.0086938738	
-0.0099110880	0.9996715110	0.0236355767	
-0.0084615649	-0.0237197354	0.9996828377	
-1.4409931777	-0.7054666594	19.5902886567	


1963.1847650	0.0000000	307.5000000	
0.0000000	1963.1847650	239.5000000	
0.0000000	0.0000000	1.0000000	
0.9998792516	0.0146651164	0.0051396974	
-0.0147972317	0.9995343443	0.0266858843	
-0.0047459525	-0.0267587153	0.9996306553	
-1.4726292954	-0.7663961076	19.9024066191	


1963.1847650	0.0000000	307.5000000	
0.0000000	1963.1847650	239.5000000	
0.0000000	0.0000000	1.0000000	
0.9997975659	0.0196289698	0.0044193514	
-0.0197492465	0.9993827609	0.0290527890	
-0.0038463473	-0.0291341866	0.9995681091	
-1.4978356462	-0.7948800519	20.3516107775	


1963.1847650	0.0000000	307.5000000	
0.0000000	1963.1847650	239.5000000	
0.0000000	0.0000000	1.0000000	
0.9997236317	0.0227465994	0.0059373818	
-0.0229129268	0.9992981037	0.0296360876	
-0.0052590942	-0.0297639399	0.9995431205	
-1.5471933683	-0.8197053127	20.7881220216	


1963.1847650	0.0000000	307.5000000	
0.0000000	1963.1847650	239.5000000	
0.0000000	0.0000000	1.0000000	
0.9996834999	0.0239346316	0.0077481204	
-0.0241465644	0.9993014052	0.0285244643	
-0.0070599851	-0.0287025268	0.9995630653	
-1.6166930570	-0.8388549514	21.1864028773	


1963.1847650	0.0000000	307.5000000	
0.0000000	1963.1847650	239.5000000	
0.0000000	0.0000000	1.0000000	
0.9996693035	0.0240074221	0.0092156030	
-0.0242592417	0.9993061211	0.0282624401	
-0.0085307001	-0.0284766574	0.9995580559	
-1.6513175587	-0.8687205441	21.6146050295	


1963.1847650	0.0000000	307.5000000	
0.0000000	1963.1847650	239.5000000	
0.0000000	0.0000000	1.0000000	
0.9996426941	0.0247198827	0.0101691457	
-0.0250024878	0.9992761468	0.0286715541	
-0.0094530273	-0.0289155635	0.9995371581	
-1.7116020004	-0.8815511383	22.0317957144	


1963.1847650	0.0000000	307.5000000	
0.0000000	1963.1847650	239.5000000	
0.0000000	0.0000000	1.0000000	
0.9996474882	0.0245234440	0.0101734947	
-0.0248012536	0.9992961451	0.0281444890	
-0.0094761342	-0.0283868832	0.9995520936	
-1.7631688106	-0.8974187640	22.4754567238	


1963.1847650	0.0000000	307.5000000	
0.0000000	1963.1847650	239.5000000	
0.0000000	0.0000000	1.0000000	
0.9997010815	0.0229243119	0.0084984421	
-0.0231452291	0.9993707277	0.0268783738	
-0.0078769261	-0.0270670377	0.9996025858	
-1.8231657930	-0.9240879189	22.8600449395	


1963.1847650	0.0000000	307.5000000	
0.0000000	1963.1847650	239.5000000	
0.0000000	0.0000000	1.0000000	
0.9997321505	0.0217048506	0.0080328579	
-0.0219004599	0.9994444752	0.0251219183	
-0.0074831279	-0.0252911127	0.9996521207	
-1.8884374577	-0.9249673618	23.2476074128	


1963.1847650	0.0000000	307.5000000	
0.0000000	1963.1847650	239.5000000	
0.0000000	0.0000000	1.0000000	
0.9997613988	0.0199113586	0.0089823828	
-0.0201174264	0.9995222019	0.0234660850	
-0.0085108494	-0.0236411884	0.9996842800	
-1.9729596145	-0.9208165054	23.6579007051	


1963.1847650	0.0000000	307.5000000	
0.0000000	1963.1847650	239.5000000	
0.0000000	0.0000000	1.0000000	
0.9997081231	0.0134832664	0.0200467009	
-0.0138044685	0.9997771477	0.0159715887	
-0.0198268843	-0.0162436610	0.9996714651	
-4.9624247400	0.5970505019	25.4461489688	


1963.1847650	0.0000000	307.5000000	
0.0000000	1963.1847650	239.5000000	
0.0000000	0.0000000	1.0000000	
0.9997560004	0.0054550637	0.0214051837	
-0.0057285218	0.9999024988	0.0127348702	
-0.0213336272	-0.0128543829	0.9996897725	
-5.1546863389	1.0935748758	25.9855529341	


1963.1847650	0.0000000	307.5000000	
0.0000000	1963.1847650	239.5000000	
0.0000000	0.0000000	1.0000000	
0.9996901042	-0.0047321013	0.0244397802	
0.0044343279	0.9999154539	0.0122238212	
-0.0244955583	-0.0121116591	0.9996265679	
-5.2694958740	1.2986454545	26.6588740190	


1963.1847650	0.0000000	307.5000000	
0.0000000	1963.1847650	239.5000000	
0.0000000	0.0000000	1.0000000	
0.9994390981	-0.0128359892	0.0309309981	
0.0124030360	0.9998229718	0.0141488418	
-0.0311071368	-0.0137572674	0.9994213744	
-5.3819348327	1.9093743088	27.5609794006	


1963.1847650	0.0000000	307.5000000	
0.0000000	1963.1847650	239.5000000	
0.0000000	0.0000000	1.0000000	
0.9992775425	-0.0163975820	0.0342857454	
0.0157803003	0.9997098691	0.0181977928	
-0.0345741978	-0.0176436063	0.9992463800	
-5.3796839445	2.2713942316	28.4699183601	


1963.1847650	0.0000000	307.5000000	
0.0000000	1963.1847650	239.5000000	
0.0000000	0.0000000	1.0000000	
0.9992541685	-0.0183509412	0.0339757227	
0.0177202193	0.9996667307	0.0187728873	
-0.0343088998	-0.0181568287	0.9992463305	
-5.6711800919	2.4897624736	29.1033265783	


1963.1847650	0.0000000	307.5000000	
0.0000000	1963.1847650	239.5000000	
0.0000000	0.0000000	1.0000000	
0.9992533436	-0.0182843066	0.0340358559	
0.0176495805	0.9996664025	0.0188567215	
-0.0343692837	-0.0182419235	0.9992427055	
-5.8879605235	2.7841603948	29.6998160625	


1963.1847650	0.0000000	307.5000000	
0.0000000	1963.1847650	239.5000000	
0.0000000	0.0000000	1.0000000	
0.9991881842	-0.0178884391	0.0360967619	
0.0171671790	0.9996486978	0.0201932899	
-0.0364453074	-0.0195572171	0.9991442613	
-5.9760422109	3.4525903048	30.3917054792	


1963.1847650	0.0000000	307.5000000	
0.0000000	1963.1847650	239.5000000	
0.0000000	0.0000000	1.0000000	
0.9990057543	-0.0172808259	0.0410959362	
0.0163908974	0.9996259223	0.0218941518	
-0.0414589122	-0.0211987843	0.9989152968	
-6.3851717808	3.5596804370	31.5331983925	


1963.1847650	0.0000000	307.5000000	
0.0000000	1963.1847650	239.5000000	
0.0000000	0.0000000	1.0000000	
0.9988511497	-0.0181640391	0.0443446542	
0.0172122328	0.9996152176	0.0217521443	
-0.0447226979	-0.0209638839	0.9987794531	
-6.4842920586	3.7507992621	32.2184347852	


1963.1847650	0.0000000	307.5000000	
0.0000000	1963.1847650	239.5000000	
0.0000000	0.0000000	1.0000000	
0.9987425335	-0.0197114561	0.0460956639	
0.0187439582	0.9995968126	0.0213278276	
-0.0464974813	-0.0204369934	0.9987093238	
-6.7484931481	4.1377629098	32.8986472110	


1963.1847650	0.0000000	307.5000000	
0.0000000	1963.1847650	239.5000000	
0.0000000	0.0000000	1.0000000	
0.9987066935	-0.0191668730	0.0470910961	
0.0181756265	0.9996060146	0.0213883670	
-0.0474824910	-0.0205047952	0.9986615875	
-6.9264355681	4.4289336725	33.5695790901	


1963.1847650	0.0000000	307.5000000	
0.0000000	1963.1847650	239.5000000	
0.0000000	0.0000000	1.0000000	
0.9986863627	-0.0195347192	0.0473702822	
0.0185541263	0.9996061862	0.0210527183	
-0.0477628861	-0.0201461485	0.9986555159	
-7.2032981954	4.7983889359	34.2357144242	


1963.1847650	0.0000000	307.5000000	
0.0000000	1963.1847650	239.5000000	
0.0000000	0.0000000	1.0000000	
0.9986347968	-0.0211454024	0.0477641564	
0.0201561313	0.9995741869	0.0210991760	
-0.0481899684	-0.0201076307	0.9986357745	
-7.4470989170	4.9406342192	34.7775446652	


1963.1847650	0.0000000	307.5000000	
0.0000000	1963.1847650	239.5000000	
0.0000000	0.0000000	1.0000000	
0.9983947723	-0.0210052356	0.0525990375	
0.0195309296	0.9994061546	0.0283880437	
-0.0531640994	-0.0273151663	0.9982121319	
-8.5916175916	2.8441307386	35.1089995803	


1963.1847650	0.0000000	307.5000000	
0.0000000	1963.1847650	239.5000000	
0.0000000	0.0000000	1.0000000	
0.9983874997	-0.0248968666	0.0510151586	
0.0239181853	0.9995196869	0.0197057334	
-0.0514812664	-0.0184537679	0.9985034490	
-8.1315748448	5.0552553123	36.0446629589	


1963.1847650	0.0000000	307.5000000	
0.0000000	1963.1847650	239.5000000	
0.0000000	0.0000000	1.0000000	
0.9983275036	-0.0257365880	0.0517670120	
0.0248378897	0.9995306944	0.0179295893	
-0.0522041639	-0.0166138188	0.9984982255	
-8.4910680463	5.1741459365	36.6379365972	


1963.1847650	0.0000000	307.5000000	
0.0000000	1963.1847650	239.5000000	
0.0000000	0.0000000	1.0000000	
0.9983767180	-0.0261631034	0.0505907196	
0.0254132206	0.9995582600	0.0154095117	
-0.0509715323	-0.0140988246	0.9986005838	
-8.9056053516	5.2340980218	37.2723830184	


1963.1847650	0.0000000	307.5000000	
0.0000000	1963.1847650	239.5000000	
0.0000000	0.0000000	1.0000000	
0.9984360128	-0.0263898731	0.0492859299	
0.0258762328	0.9996042917	0.0110308889	
-0.0495575308	-0.0097383025	0.9987237940	
-9.4735772532	5.3332087692	37.7876776449	


1963.1847650	0.0000000	307.5000000	
0.0000000	1963.1847650	239.5000000	
0.0000000	0.0000000	1.0000000	
0.9984915145	-0.0249248668	0.0489228616	
0.0246124556	0.9996727141	0.0069779469	
-0.0490807743	-0.0057633090	0.9987781845	
-9.9206100020	5.5528555696	38.4285492849	


1963.1847650	0.0000000	307.5000000	
0.0000000	1963.1847650	239.5000000	
0.0000000	0.0000000	1.0000000	
0.9985473790	-0.0240178066	0.0482314918	
0.0237672417	0.9997009145	0.0057619262	
-0.0483554553	-0.0046072268	0.9988195650	
-10.2898151177	5.8283984605	39.2018000894	


1963.1847650	0.0000000	307.5000000	
0.0000000	1963.1847650	239.5000000	
0.0000000	0.0000000	1.0000000	
0.9983985573	-0.0200497859	0.0528992133	
0.0195788186	0.9997640669	0.0094064017	
-0.0530753290	-0.0083556338	0.9985555532	
-11.5039692555	4.9064556181	39.8622506893	


1963.1847650	0.0000000	307.5000000	
0.0000000	1963.1847650	239.5000000	
0.0000000	0.0000000	1.0000000	
0.9985525636	-0.0145227922	0.0517867386	
0.0143146144	0.9998879099	0.0043885646	
-0.0518446681	-0.0036409052	0.9986485239	
-11.1864411521	6.4271903723	40.7441372197	


1963.1847650	0.0000000	307.5000000	
0.0000000	1963.1847650	239.5000000	
0.0000000	0.0000000	1.0000000	
0.9986716093	-0.0089037579	0.0507517477	
0.0085879875	0.9999424070	0.0064365423	
-0.0508061341	-0.0059921367	0.9986905582	
-11.5272565970	6.6977709677	41.5630807194	


1963.1847650	0.0000000	307.5000000	
0.0000000	1963.1847650	239.5000000	
0.0000000	0.0000000	1.0000000	
0.9987758078	-0.0046708248	0.0492449901	
0.0041887377	0.9999423371	0.0098882259	
-0.0492883367	-0.0096698465	0.9987377804	
-11.9686745348	6.5912483623	42.3349826130	


1963.1847650	0.0000000	307.5000000	
0.0000000	1963.1847650	239.5000000	
0.0000000	0.0000000	1.0000000	
0.9987690455	-0.0024736639	0.0495406364	
0.0019113415	0.9999332494	0.0113948889	
-0.0495655167	-0.0112861732	0.9987071051	
-12.3029866246	6.8960136195	43.1284392676	


1963.1847650	0.0000000	307.5000000	
0.0000000	1963.1847650	239.5000000	
0.0000000	0.0000000	1.0000000	
0.9986869284	-0.0027324965	0.0511561575	
0.0020817763	0.9999163029	0.0127692356	
-0.0511867677	-0.0126459730	0.9986090297	
-12.7928464471	7.2115558101	44.0711991477	


1963.1847650	0.0000000	307.5000000	
0.0000000	1963.1847650	239.5000000	
0.0000000	0.0000000	1.0000000	
0.9986347400	-0.0016415525	0.0522107409	
0.0009623165	0.9999146170	0.0130319872	
-0.0522276757	-0.0129639519	0.9985510532	
-13.1143624897	7.5855736107	44.8271661750	


1963.1847650	0.0000000	307.5000000	
0.0000000	1963.1847650	239.5000000	
0.0000000	0.0000000	1.0000000	
0.9984899676	0.0008611663	0.0549276153	
-0.0017004319	0.9998825012	0.0152345781	
-0.0549080419	-0.0153049740	0.9983741106	
-13.9871874521	7.1940050401	45.1494779808	


1963.1847650	0.0000000	307.5000000	
0.0000000	1963.1847650	239.5000000	
0.0000000	0.0000000	1.0000000	
0.9985428106	0.0039651321	0.0538194489	
-0.0046593914	0.9999074709	0.0127804455	
-0.0537637929	-0.0130125879	0.9984688914	
-13.9296235468	8.1519737019	46.3219554129	


1963.1847650	0.0000000	307.5000000	
0.0000000	1963.1847650	239.5000000	
0.0000000	0.0000000	1.0000000	
0.9985258566	0.0046989570	0.0540743325	
-0.0054409161	0.9998929562	0.0135820700	
-0.0540047226	-0.0138562620	0.9984445372	
-14.2571303797	8.2953250760	47.1622568585	


1963.1847650	0.0000000	307.5000000	
0.0000000	1963.1847650	239.5000000	
0.0000000	0.0000000	1.0000000	
0.9984835354	0.0031034531	0.0549636075	
-0.0038168552	0.9999097733	0.0128793229	
-0.0549186779	-0.0130695800	0.9984052909	
-14.6603423469	8.4950256780	47.9620962919	


1963.1847650	0.0000000	307.5000000	
0.0000000	1963.1847650	239.5000000	
0.0000000	0.0000000	1.0000000	
0.9984085322	0.0008536499	0.0563885996	
-0.0015458999	0.9999239676	0.0122339394	
-0.0563738687	-0.0123016406	0.9983339404	
-14.8786353261	8.7600069083	48.6802582670	


1963.1847650	0.0000000	307.5000000	
0.0000000	1963.1847650	239.5000000	
0.0000000	0.0000000	1.0000000	
0.9981188902	0.0011863139	0.0612966036	
-0.0019209282	0.9999270252	0.0119270449	
-0.0612779813	-0.0120223552	0.9980483315	
-15.2923440425	8.9829087929	49.5831275766	


1963.1847650	0.0000000	307.5000000	
0.0000000	1963.1847650	239.5000000	
0.0000000	0.0000000	1.0000000	
0.9979287345	-0.0012848779	0.0643163275	
0.0006791653	0.9999552239	0.0094386882	
-0.0643255753	-0.0093754568	0.9978849238	
-15.6142189844	9.3311673160	50.3787042516	


1963.1847650	0.0000000	307.5000000	
0.0000000	1963.1847650	239.5000000	
0.0000000	0.0000000	1.0000000	
0.9976447400	-0.0080748442	0.0681158552	
0.0074724539	0.9999307304	0.0090937790	
-0.0681845677	-0.0085633682	0.9976359724	
-16.4556430587	8.9895847044	51.5293478865	


1963.1847650	0.0000000	307.5000000	
0.0000000	1963.1847650	239.5000000	
0.0000000	0.0000000	1.0000000	
0.9975924508	-0.0164798680	0.0673625715	
0.0160590004	0.9998480275	0.0067845671	
-0.0674641430	-0.0056864574	0.9977054944	
-16.4995477538	10.0616241087	52.1482651357	


1963.1847650	0.0000000	307.5000000	
0.0000000	1963.1847650	239.5000000	
0.0000000	0.0000000	1.0000000	
0.9971889753	-0.0241686635	0.0709226564	
0.0234984727	0.9996711317	0.0102688948	
-0.0711475177	-0.0085734546	0.9974289582	
-16.9528933571	10.5910091416	53.3772694206	


1963.1847650	0.0000000	307.5000000	
0.0000000	1963.1847650	239.5000000	
0.0000000	0.0000000	1.0000000	
0.9967280836	-0.0266528794	0.0763069554	
0.0258545224	0.9996003530	0.0114314491	
-0.0765811405	-0.0094211665	0.9970188416	
-17.0251523425	11.2958954668	54.7475661351	


1963.1847650	0.0000000	307.5000000	
0.0000000	1963.1847650	239.5000000	
0.0000000	0.0000000	1.0000000	
0.9963484453	-0.0302639212	0.0798365245	
0.0296261793	0.9995190687	0.0091608283	
-0.0800753713	-0.0067621259	0.9967658745	
-17.3948326242	11.9709299261	55.8057904771	


1963.1847650	0.0000000	307.5000000	
0.0000000	1963.1847650	239.5000000	
0.0000000	0.0000000	1.0000000	
0.9962090338	-0.0335016638	0.0802820002	
0.0329768127	0.9994252497	0.0078549362	
-0.0804990116	-0.0051777139	0.9967412405	
-17.7518642594	12.5213807002	56.8237561139	


1963.1847650	0.0000000	307.5000000	
0.0000000	1963.1847650	239.5000000	
0.0000000	0.0000000	1.0000000	
0.9961426337	-0.0367399445	0.0796870740	
0.0362407608	0.9993134073	0.0077020297	
-0.0799153336	-0.0047843999	0.9967901730	
-18.2775810136	12.8081509763	57.9065345742	


1963.1847650	0.0000000	307.5000000	
0.0000000	1963.1847650	239.5000000	
0.0000000	0.0000000	1.0000000	
0.9961821580	-0.0398053091	0.0776958524	
0.0393818644	0.9991998871	0.0069752724	
-0.0779113399	-0.0038888344	0.9969527070	
-18.6110146197	13.0159703999	59.5407223192	


1963.1847650	0.0000000	307.5000000	
0.0000000	1963.1847650	239.5000000	
0.0000000	0.0000000	1.0000000	
0.9961255656	-0.0469837120	0.0743396823	
0.0466953495	0.9988934055	0.0056132690	
-0.0745211506	-0.0021202033	0.9972171794	
-19.3485787046	13.7393188812	59.9598652028	


1963.1847650	0.0000000	307.5000000	
0.0000000	1963.1847650	239.5000000	
0.0000000	0.0000000	1.0000000	
0.9962812293	-0.0499145509	0.0702299775	
0.0496481886	0.9987514352	0.0055342598	
-0.0704185309	-0.0020268880	0.9975154747	
-19.8108313734	14.1320434522	61.0515494219	


1963.1847650	0.0000000	307.5000000	
0.0000000	1963.1847650	239.5000000	
0.0000000	0.0000000	1.0000000	
0.9963944140	-0.0517136260	0.0672597399	
0.0514628441	0.9986600004	0.0054570430	
-0.0674518153	-0.0019759897	0.9977205762	
-20.5025498435	14.4497083823	62.0125950978	


1963.1847650	0.0000000	307.5000000	
0.0000000	1963.1847650	239.5000000	
0.0000000	0.0000000	1.0000000	
0.9964607731	-0.0528101931	0.0653988625	
0.0525620461	0.9986024570	0.0055103635	
-0.0655984682	-0.0020533630	0.9978439881	
-21.1953481765	14.7188615996	63.0506199578	


1963.1847650	0.0000000	307.5000000	
0.0000000	1963.1847650	239.5000000	
0.0000000	0.0000000	1.0000000	
0.9963211592	-0.0546245812	0.0660325893	
0.0543683427	0.9985048346	0.0056726255	
-0.0662437245	-0.0020616744	0.9978013422	
-22.0365074617	14.9379133896	63.9064652086	


1963.1847650	0.0000000	307.5000000	
0.0000000	1963.1847650	239.5000000	
0.0000000	0.0000000	1.0000000	
0.9960293207	-0.0551826704	0.0698603264	
0.0549870976	0.9984759046	0.0047209230	
-0.0700143658	-0.0008607612	0.9975456118	
-22.9175891688	15.2004516210	64.9380286850	


1963.1847650	0.0000000	307.5000000	
0.0000000	1963.1847650	239.5000000	
0.0000000	0.0000000	1.0000000	
0.9958338792	-0.0534739479	0.0738608282	
0.0534818076	0.9985670678	0.0018728108	
-0.0738551372	0.0020852021	0.9972668001	
-23.6846679888	15.6898853292	65.8465620824	


1963.1847650	0.0000000	307.5000000	
0.0000000	1963.1847650	239.5000000	
0.0000000	0.0000000	1.0000000	
0.9954438517	-0.0524231826	0.0796451382	
0.0525222293	0.9986193915	0.0008522357	
-0.0795798563	0.0033347874	0.9968229159	
-25.1437650287	15.5764320306	66.7670292637	


1963.1847650	0.0000000	307.5000000	
0.0000000	1963.1847650	239.5000000	
0.0000000	0.0000000	1.0000000	
0.9953935248	-0.0484830060	0.0827111170	
0.0487813059	0.9988082206	-0.0015883121	
-0.0825355375	0.0056157519	0.9965722996	
-26.3640158700	15.7542165376	67.6118476906	


1963.1847650	0.0000000	307.5000000	
0.0000000	1963.1847650	239.5000000	
0.0000000	0.0000000	1.0000000	
0.9953025561	-0.0437424987	0.0863679085	
0.0442274319	0.9990146058	-0.0037083321	
-0.0861205903	0.0075107432	0.9962564091	
-27.6102535917	15.8600106056	68.5396411873	


1963.1847650	0.0000000	307.5000000	
0.0000000	1963.1847650	239.5000000	
0.0000000	0.0000000	1.0000000	
0.9950004223	-0.0364072631	0.0929982301	
0.0372410557	0.9992800444	-0.0072454567	
-0.0926674883	0.0106725848	0.9956399111	
-28.8983290513	16.1159078348	69.3745700397	


1963.1847650	0.0000000	307.5000000	
0.0000000	1963.1847650	239.5000000	
0.0000000	0.0000000	1.0000000	
0.9947951433	-0.0298560704	0.0974229844	
0.0309490878	0.9994736298	-0.0097271421	
-0.0970812896	0.0126916662	0.9951955309	
-30.1472973822	16.4000817963	70.3187349325	


1963.1847650	0.0000000	307.5000000	
0.0000000	1963.1847650	239.5000000	
0.0000000	0.0000000	1.0000000	
0.9948481502	-0.0226529019	0.0988129753	
0.0235316162	0.9996931603	-0.0077361679	
-0.0986074089	0.0100215413	0.9950759507	
-31.4476309798	16.7430550243	71.2703248747	


1963.1847650	0.0000000	307.5000000	
0.0000000	1963.1847650	239.5000000	
0.0000000	0.0000000	1.0000000	
0.9946516236	-0.0104627918	0.1027554266	
0.0110477703	0.9999258356	-0.0051254406	
-0.1026941794	0.0062332462	0.9946934463	
-32.5549688221	17.1163359090	72.1975541729	


1963.1847650	0.0000000	307.5000000	
0.0000000	1963.1847650	239.5000000	
0.0000000	0.0000000	1.0000000	
0.9937832297	0.0028941651	0.1112947264	
-0.0021072372	0.9999719483	-0.0071876447	
-0.1113124066	0.0069084364	0.9937614511	
-33.7110689179	17.4803973033	72.9645174365	


1963.1847650	0.0000000	307.5000000	
0.0000000	1963.1847650	239.5000000	
0.0000000	0.0000000	1.0000000	
0.9932691172	0.0095402679	0.1154358871	
-0.0083923025	0.9999104241	-0.0104265530	
-0.1155250189	0.0093876002	0.9932602091	
-34.8734301861	17.8371231774	73.6851968803	


1963.1847650	0.0000000	307.5000000	
0.0000000	1963.1847650	239.5000000	
0.0000000	0.0000000	1.0000000	
0.9929889589	0.0144699426	0.1173181498	
-0.0130859927	0.9998355095	-0.0125582965	
-0.1174805700	0.0109350253	0.9930149752	
-35.8698416892	18.2914007489	74.0375559340	


1963.1847650	0.0000000	307.5000000	
0.0000000	1963.1847650	239.5000000	
0.0000000	0.0000000	1.0000000	
0.9928619238	0.0216403295	0.1172897963	
-0.0201330441	0.9996989952	-0.0140206799	
-0.1175579037	0.0115591986	0.9929987534	
-36.6973526211	18.8396863118	74.2394825417	


1963.1847650	0.0000000	307.5000000	
0.0000000	1963.1847650	239.5000000	
0.0000000	0.0000000	1.0000000	
0.9934810993	0.0256531704	0.1110730398	
-0.0241593543	0.9995989432	-0.0147742439	
-0.1114074994	0.0119944792	0.9937024210	
-37.4391997660	19.3167711280	74.6881008260	


1963.1847650	0.0000000	307.5000000	
0.0000000	1963.1847650	239.5000000	
0.0000000	0.0000000	1.0000000	
0.9941731534	0.0272345967	0.1042977365	
-0.0258198874	0.9995557028	-0.0148906156	
-0.1046569372	0.0121108945	0.9944346392	
-38.2325494302	19.6889639123	74.8686962584	


1963.1847650	0.0000000	307.5000000	
0.0000000	1963.1847650	239.5000000	
0.0000000	0.0000000	1.0000000	
0.9944239286	0.0312229235	0.1007282448	
-0.0299221714	0.9994485148	-0.0143989535	
-0.1011222721	0.0113046561	0.9948097762	
-38.9722633478	20.0719874292	75.3484598539	


1963.1847650	0.0000000	307.5000000	
0.0000000	1963.1847650	239.5000000	
0.0000000	0.0000000	1.0000000	
0.9944657344	0.0347069742	0.0991631433	
-0.0336021106	0.9993534364	-0.0127909042	
-0.0995429616	0.0093880251	0.9949889767	
-39.7759451312	20.2903561849	75.6465887978	


1963.1847650	0.0000000	307.5000000	
0.0000000	1963.1847650	239.5000000	
0.0000000	0.0000000	1.0000000	
0.9944282199	0.0391413729	0.0978798669	
-0.0380866262	0.9991947231	-0.0126219761	
-0.0982950880	0.0088237354	0.9951181927	
-40.4841143298	20.6500588437	76.0531039668	


1963.1847650	0.0000000	307.5000000	
0.0000000	1963.1847650	239.5000000	
0.0000000	0.0000000	1.0000000	
0.9945447074	0.0407452344	0.0960242199	
-0.0397444316	0.9991340115	-0.0123128866	
-0.0964427555	0.0084292881	0.9953028393	
-41.2571278652	20.9648667917	76.3852234142	


1963.1847650	0.0000000	307.5000000	
0.0000000	1963.1847650	239.5000000	
0.0000000	0.0000000	1.0000000	
0.9945535234	0.0420001930	0.0953901084	
-0.0409464912	0.9990770551	-0.0129777818	
-0.0958471380	0.0090012084	0.9953553659	
-42.0436007109	21.3054826440	76.7688888752	


1963.1847650	0.0000000	307.5000000	
0.0000000	1963.1847650	239.5000000	
0.0000000	0.0000000	1.0000000	
0.9945049860	0.0427783645	0.0955502185	
-0.0416050197	0.9990326621	-0.0142394639	
-0.0960669302	0.0101858492	0.9953227584	
-42.8396413236	21.6914423684	77.1845371698	


1963.1847650	0.0000000	307.5000000	
0.0000000	1963.1847650	239.5000000	
0.0000000	0.0000000	1.0000000	
0.9944178707	0.0431529731	0.0962856129	
-0.0418508402	0.9990035800	-0.0155033667	
-0.0968586884	0.0113871911	0.9952330010	
-43.6668269078	22.0232076533	77.6115406777	


1963.1847650	0.0000000	307.5000000	
0.0000000	1963.1847650	239.5000000	
0.0000000	0.0000000	1.0000000	
0.9943402266	0.0458293182	0.0958498163	
-0.0442920729	0.9988545410	-0.0181057496	
-0.0965697985	0.0137578881	0.9952311262	
-44.5105424962	22.3955768749	78.1013788765	


1963.1847650	0.0000000	307.5000000	
0.0000000	1963.1847650	239.5000000	
0.0000000	0.0000000	1.0000000	
0.9944197976	0.0474709626	0.0942113253	
-0.0457004556	0.9987372931	-0.0208635520	
-0.0950827769	0.0164416286	0.9953335815	
-45.4600584028	22.7603138941	78.4376720456	


1963.1847650	0.0000000	307.5000000	
0.0000000	1963.1847650	239.5000000	
